60
885
0 46 14 25 13 48 39 26 52 42 57 53 34 6 29 33 23 12 2 37 5 59 49 51 54 24 55 16
1 11 42 25 45 41 22 33 37 48 9 18 13 24 38 14 51 20 59 21 30 49 55 5 44 7 15 56 39 40 10
2 34 9 17 58 42 55 50 12 5 52 33 11 48 15 46 56 45 35 31 27 4 0 39 54 23 38 30 40 21 18 28 13 53 44 51 36 26
3 40 21 20 11 6 33 24 39 36 8 17 50 27 43 59 54 49 10 34 58 7 55 15 4 38 19 30 28
4 24 19 42 23 6 16 47 15 39 10 37 20 28 31 8 41 2 55 21 36 54 26 3 11 38 48 14 13 40 59 52 56
5 17 11 37 16 8 22 2 30 42 48 26 23 41 27 57 35 32 14 46 49 20 28 51 0 36 53 25 58 52 1 44 40 31 15
6 7 9 3 32 33 4 17 26 35 12 46 45 10 51 40 27 0 16 41 28 20 11 57 52 21 25 53 13
7 6 21 34 29 53 27 36 58 43 19 18 26 47 12 13 55 33 16 32 39 22 46 11 3 44 1 49 8 23
8 51 12 53 5 21 44 14 3 58 56 39 13 34 20 43 59 52 48 50 25 4 36 32 33 15 49 42 38 40 30 55 37 7 23
9 11 6 2 54 56 45 23 59 50 41 1 12 29 47 44 55 48 13 10 30 33 25 18 31 43 17
10 26 34 59 27 44 48 11 57 43 33 6 17 12 4 18 20 32 25 55 9 3 42 52 19 40 50 36 29 37 35 54 49 23 28 1
11 1 9 5 3 10 33 25 53 48 43 2 57 15 30 34 24 26 47 6 7 22 55 23 4 18 58 46 44
12 56 8 13 54 57 6 40 2 55 53 10 42 25 9 7 44 29 43 15 24 41 0 32 45 17 31 51 49 30 27 39 21 16
13 12 43 41 0 22 36 44 52 32 46 1 7 8 42 51 33 19 9 24 34 56 14 45 20 17 39 26 50 15 27 2 58 4 6 57
14 30 0 50 33 27 53 8 35 58 45 57 1 37 44 56 13 5 40 54 28 21 52 17 16 4 47
15 49 31 28 24 48 55 4 50 46 45 33 52 11 21 2 12 29 47 53 18 26 8 19 3 56 35 58 13 57 1 22 25 36 5
16 23 32 5 4 44 54 55 46 25 20 6 28 22 7 43 21 29 56 19 59 41 38 36 27 51 52 37 14 53 57 0 12 31 34
17 5 31 2 21 40 6 51 27 10 34 53 3 58 18 38 41 12 24 43 47 32 13 28 57 14 25 9 39 48 55 29
18 41 39 27 50 46 19 43 35 32 7 10 1 17 37 59 33 31 21 15 26 20 9 2 11 56 40 49 48 44 25 28
19 4 31 48 26 46 18 34 7 35 13 25 28 21 42 10 16 59 15 32 47 54 50 53 24 3 39 27 43 23 52 22
20 54 33 35 3 23 46 58 21 22 10 38 24 8 55 4 16 42 47 1 18 6 5 31 30 49 52 13 39 53 26 45 51 56
21 51 7 3 49 17 30 8 20 29 25 31 48 36 54 15 37 57 16 18 19 24 4 1 2 14 44 6 40 33 12 28 22 52
22 55 52 38 1 13 5 53 20 47 48 36 33 16 30 7 11 35 54 27 50 29 21 15 46 57 19
23 29 16 9 20 4 31 35 33 24 54 5 0 48 56 38 26 2 34 32 55 11 46 52 37 36 53 40 28 10 19 8 43 7 44 47 41
24 4 15 54 44 3 52 25 47 27 23 1 30 20 42 13 28 11 12 51 36 21 46 17 19 37 39 35 0 34
25 1 58 28 38 0 36 11 21 24 46 12 16 10 48 34 42 19 29 43 8 47 9 5 30 51 57 26 50 6 17 40 27 18 37 15
26 30 10 35 19 40 6 59 0 50 7 5 52 49 11 18 23 15 44 39 47 4 13 25 34 20 38 32 41 2
27 18 10 7 47 14 17 40 24 50 37 6 58 5 55 3 53 2 31 32 42 45 16 12 13 19 22 25
28 51 15 25 32 45 35 37 4 24 16 40 19 6 5 14 47 44 17 2 58 23 10 33 21 18 3 59
29 23 58 7 36 37 47 21 9 12 53 0 35 25 42 40 45 15 16 52 50 10 49 56 38 54 22 17
30 26 14 42 51 21 39 5 54 44 55 24 52 11 58 22 9 41 20 2 25 1 12 3 43 8 57 31 33
31 17 49 15 19 35 23 55 21 56 4 18 59 2 54 20 12 37 27 9 51 30 48 40 32 16 5 50
32 16 47 39 6 28 55 18 13 35 50 10 46 5 7 12 8 27 17 19 23 53 34 38 31 26
33 20 51 14 6 45 3 11 1 10 2 23 38 15 54 13 18 0 59 22 7 50 9 57 8 21 28 30 39
34 2 10 7 58 19 17 45 0 25 8 39 11 48 42 52 40 13 3 36 23 26 55 32 53 16 54 24
35 31 20 26 23 18 6 28 14 32 19 29 39 2 45 5 56 51 46 22 10 42 57 15 37 41 59 24 54
36 40 7 25 29 13 3 21 22 55 24 8 45 5 34 10 4 52 16 39 23 54 2 15
37 5 43 45 29 39 28 1 27 48 55 4 14 18 21 51 0 31 10 49 35 24 56 16 23 42 8 25 52
38 22 25 55 51 33 1 20 46 17 54 23 50 2 16 29 3 8 4 58 26 41 32 43
39 58 56 18 32 3 0 37 30 4 8 34 42 35 44 41 7 2 26 43 51 13 53 20 40 24 19 36 12 17 45 1 33
40 50 3 17 59 36 41 26 12 43 27 6 28 29 46 54 34 10 14 2 39 8 25 21 18 52 23 4 5 31 1 51 56 44
41 18 43 1 9 13 40 47 5 44 12 59 39 6 17 4 30 57 58 16 42 55 50 35 38 26 23
42 1 4 30 2 54 57 5 53 51 12 52 0 13 25 24 39 20 29 34 19 59 10 27 46 35 41 8 37 48
43 41 45 37 13 18 10 7 40 11 56 12 8 55 59 25 51 16 3 39 17 9 52 30 48 38 19 50 23
44 24 10 16 8 13 30 56 12 9 14 39 41 53 58 57 26 49 46 7 21 28 1 5 59 18 2 11 23 40
45 43 9 1 37 33 56 28 59 6 52 15 34 50 14 54 2 29 46 49 35 12 13 36 47 27 51 39 20
46 0 20 19 18 6 25 50 13 16 15 32 59 38 2 40 45 54 5 24 35 7 44 42 49 23 11 22
47 50 32 27 4 58 29 7 24 22 9 41 57 15 20 11 52 25 48 45 49 17 26 28 19 56 14 54 23
48 19 51 15 54 10 0 11 1 5 22 2 21 59 37 25 8 9 23 34 57 56 47 4 50 18 43 17 31 42
49 31 15 21 26 57 45 3 5 44 12 8 47 20 0 1 29 46 37 7 56 10 18 53
50 51 47 40 14 9 18 2 26 46 15 27 32 45 8 3 55 33 38 10 29 52 13 19 25 41 54 48 22 59 43 31
51 50 28 8 21 33 48 30 17 38 54 42 6 13 1 43 24 55 37 35 5 12 39 25 31 16 0 59 45 2 20 40
52 22 24 2 13 0 45 42 26 58 15 30 8 34 10 47 29 55 57 36 20 50 14 6 43 5 16 23 40 4 19 37 21
53 8 7 11 22 12 55 14 42 17 0 29 15 27 44 58 5 39 19 20 2 54 32 16 23 49 34 6
54 20 9 24 12 48 42 16 30 51 33 23 21 45 58 38 46 3 40 31 2 14 4 22 10 19 0 29 50 53 57 59 36 35 47 34
55 22 15 32 2 12 31 53 38 16 30 58 37 10 36 9 7 20 27 43 50 51 4 52 11 3 23 1 34 41 8 0 17 57
56 12 39 9 45 44 8 43 31 2 14 35 13 23 16 48 15 29 37 18 47 49 1 4 20 40
57 42 10 12 11 49 0 14 47 5 48 21 33 44 41 52 25 35 17 6 58 15 54 16 30 55 59 13 22
58 29 39 25 2 7 20 34 47 8 55 14 52 17 27 54 30 3 44 53 41 5 15 57 38 11 13 28
59 10 40 9 45 26 48 46 18 8 33 43 3 31 41 42 1 19 16 0 51 35 44 54 4 50 57 28
