60
885
0 11 55 41 32 40 26 15 56 12 39 33 42 31 24 54 14 57 2 1 30 13 18 3 51 28 52 8 44 53 49
1 29 3 40 17 4 42 13 46 52 27 24 5 2 35 0 25 23 57 26 10 16 30 54 21 45 22 51 18 48 8 55 37 47 56
2 35 59 21 50 46 57 18 32 51 27 15 0 55 4 1 13 36 41 29 6 12 33 14 20 9 31 26 53 40 23 28 37 49 44 25 54
3 1 6 46 7 39 19 33 34 42 23 11 44 51 50 55 31 13 53 43 26 47 28 8 41 0 12 56 48 21 20 57 5
4 51 15 30 32 12 1 37 52 57 13 40 35 21 31 58 25 34 59 2 39 49 7 45 23 19 41 6 8 38 55 14 53 17 54 27 44
5 8 41 58 37 38 25 59 31 50 46 20 22 1 11 34 36 40 52 21 32 30 12 26 43 7 9 3 6
6 33 22 7 3 15 37 55 27 54 42 43 8 17 31 51 39 44 2 19 4 21 36 23 9 41 59 13 10 52 35 32 5
7 43 21 11 6 10 55 42 3 40 32 57 9 15 52 59 34 36 4 19 39 35 24 5 22 12 38 33 29 30
8 45 38 5 48 53 59 22 57 43 46 9 25 47 30 6 16 36 20 49 51 3 17 4 50 29 24 34 0 18 1 37
9 24 19 15 45 49 59 36 34 52 46 13 8 17 7 41 53 14 2 6 25 27 5 21
10 14 30 21 47 55 7 25 22 15 54 11 39 38 50 49 26 43 45 31 48 24 23 17 1 28 41 18 58 52 51 20 6 40
11 7 0 23 37 43 50 52 10 3 19 5 46 51 20 33 59 49 28 53 22 18 41 36 38 32 26 16 58
12 36 54 42 56 53 4 59 39 19 0 18 46 28 32 44 5 45 2 55 27 21 3 7 58 48 20
13 14 17 56 31 1 33 4 34 45 9 19 23 53 3 2 50 0 49 38 27 52 26 54 32 21 43 18 44 36 6 16 24
14 10 13 48 52 26 40 25 23 56 15 0 24 43 46 31 29 57 36 17 9 39 2 41 35 59 4 30 54 42 16 47 32
15 4 9 21 6 10 28 41 59 37 38 52 17 20 0 32 19 24 23 42 14 33 2 7 16 45 29 34 48 51 39 25 47
16 37 56 28 17 34 15 8 44 57 1 25 46 41 23 35 33 14 18 50 13 53 29 11 49
17 31 41 13 54 1 15 26 16 40 30 20 9 33 34 6 47 27 59 14 10 37 51 53 8 28 55 52 4 21 50 46
18 25 35 47 2 12 34 24 50 27 55 32 57 53 0 19 44 46 54 49 29 30 45 22 31 10 59 11 48 16 13 26 37 1 8 23
19 47 29 9 31 32 38 3 34 43 39 57 15 12 58 54 44 13 11 27 51 49 7 56 18 4 6 33 37 55 36 35 20
20 30 23 15 43 21 55 25 35 17 5 28 31 8 11 51 32 36 2 22 26 59 19 10 50 3 34 49 29 39 12 46
21 10 7 46 15 2 44 28 20 42 45 4 27 54 43 37 29 5 38 47 22 50 53 6 12 1 13 36 17 58 3 9 40
22 6 59 46 10 44 55 8 34 25 56 35 27 36 31 5 24 21 48 49 20 7 11 18 32 1 40 26 54 52 43
23 44 11 39 14 20 3 15 33 51 13 24 38 52 49 1 10 28 4 30 6 16 26 59 2 40 54 45 18
24 33 9 32 55 39 43 37 15 54 18 0 1 14 23 50 44 49 27 10 57 52 22 42 28 7 58 59 56 31 8 36 13 29 53
25 18 10 47 14 22 50 5 37 20 53 8 4 31 42 1 54 45 16 43 15 58 57 9 59 2 28
26 56 44 14 42 0 51 43 17 47 58 10 38 48 27 3 1 5 13 36 2 20 23 31 18 22 30 37 11 41 55
27 49 50 33 6 30 22 46 32 2 41 21 37 1 18 19 52 24 17 57 45 26 13 40 12 43 59 54 47 39 9 4
28 52 32 44 45 15 21 16 38 50 20 29 12 37 23 3 10 11 24 41 17 47 40 46 53 49 39 2 0 34 30 25
29 1 48 19 59 41 40 42 43 45 33 58 30 15 28 14 21 2 32 35 47 18 8 36 37 56 7 16 20 24 51 54
30 43 10 37 32 20 4 27 44 59 39 17 8 29 56 0 55 5 23 35 1 18 54 14 51 26 47 28 57 7
31 17 32 19 13 59 37 4 5 0 25 22 36 3 20 14 6 10 49 58 2 56 39 45 53 18 24 33 34 26
32 28 31 24 53 30 58 43 56 19 0 35 4 15 54 2 27 7 37 18 42 46 55 39 49 12 5 29 20 52 22 13 33 34 11 48 6 14
33 6 24 50 40 27 3 13 56 0 34 15 23 43 17 29 11 59 2 42 19 52 31 32 16 38 7 36 39
34 9 22 42 19 3 58 18 13 33 17 16 4 52 7 15 5 36 43 59 31 8 41 32 56 54 28 20 51 44
35 40 18 2 32 52 43 22 4 20 44 37 1 55 30 36 29 45 7 38 14 42 58 16 19 47 41 46 6 50
36 12 9 50 22 31 44 8 2 7 5 14 49 34 35 20 26 6 29 46 19 51 58 11 21 13 24 33 37
37 16 30 11 54 6 15 4 5 24 25 31 27 52 39 32 41 35 21 28 47 17 44 19 29 53 2 18 26 1 59 8 36
38 58 8 39 15 19 50 5 28 10 56 48 23 57 26 21 41 13 49 55 4 35 40 11 33 7 44
39 42 23 38 24 3 19 12 50 0 10 30 37 4 32 6 48 7 14 45 31 15 53 28 59 27 40 33 20
40 35 42 1 57 33 14 0 53 7 29 59 4 17 5 47 54 27 28 2 38 22 23 39 10 21 41
41 17 52 5 0 29 15 42 50 27 53 58 9 54 37 2 45 44 48 38 47 4 49 28 3 10 14 16 11 35 6 34 26 43 40
42 40 39 12 26 7 1 41 34 3 21 29 15 6 0 25 32 47 24 48 33 59 35 57 14 45 46 43 51
43 7 30 59 54 32 35 19 24 20 11 26 29 6 8 33 14 21 10 44 48 3 51 57 5 27 34 25 13 45 41 22 42
44 23 26 55 28 22 51 21 30 49 3 59 19 35 24 36 16 58 43 41 6 12 18 57 37 52 13 2 0 4 38 34
45 8 55 9 28 53 21 13 29 15 10 27 41 4 25 59 12 35 39 18 31 1 42 43 23
46 21 22 3 2 27 9 1 12 5 8 47 14 11 32 18 16 36 50 28 35 17 42 55 20
47 19 10 25 50 18 8 46 26 17 42 37 40 3 52 21 41 29 28 35 48 27 51 15 30 14 56 1
48 29 14 8 51 54 38 58 26 15 53 43 10 41 39 22 42 47 18 3 12 1 32 59 49
49 27 9 59 44 24 10 23 4 32 13 8 50 19 36 11 18 38 53 31 22 41 28 2 56 20 0 48 16
50 27 33 47 59 2 36 41 38 25 39 11 10 5 28 18 3 24 13 49 54 21 8 46 51 16 17 20 58 35
51 4 55 48 44 26 2 3 23 6 11 19 20 8 43 17 15 36 1 10 0 50 47 30 52 29 34 42
52 41 28 14 53 35 9 15 4 11 1 37 27 56 7 34 23 5 47 24 13 32 33 44 10 17 0 22 6 51
53 52 32 8 12 40 45 41 25 13 48 9 3 18 49 21 17 11 2 58 39 31 4 28 37 16 24 0
54 12 43 17 10 37 58 48 57 6 32 24 19 0 41 21 25 55 50 40 18 13 1 30 14 27 4 23 34 22 2 29
55 51 45 44 10 0 7 22 6 24 20 3 2 59 18 32 54 30 35 58 12 38 17 19 4 1 26 46
56 58 13 26 12 32 33 22 16 0 14 38 52 30 59 19 31 24 3 29 34 49 57 47 1
57 40 8 2 4 54 19 7 0 38 18 16 14 27 1 24 44 43 42 25 56 3 30
58 56 38 5 32 54 34 19 41 4 26 48 29 44 55 31 24 53 35 10 12 36 25 21 11 50
59 22 43 9 29 2 8 49 15 12 50 40 31 5 30 44 55 4 7 17 56 45 11 33 42 24 27 14 23 34 18 20 39 25 6 37 48
