60
885
0 4 22 48 18 15 33 8 21 50 46 13 35 30 23 19 38 49 31 16 56 1 57 25 29 9 14 7 27 53 37 6 5 39 51
1 34 12 3 7 53 48 26 25 55 11 23 51 54 57 0 36 38 45 44 30 42 33 31 20 43 17 58 40 21 41 14
2 6 31 30 9 42 48 17 57 22 13 19 26 5 28 58 39 8 34 56 54 14 33 43 51 40 59 46 12 3
3 18 35 4 28 30 59 34 14 1 53 17 7 27 41 19 16 5 20 13 52 56 8 32 44 43 2
4 0 10 3 8 33 29 49 11 57 12 23 53 16 51 42 30 26 56 25 44 32 54 13 22 36 5 17 31 52 39 27 24 7 58
5 35 39 7 48 21 34 53 43 12 22 18 24 30 40 2 31 17 11 49 3 8 15 41 56 4 58 45 16 57 0 14 47
6 2 31 35 39 30 50 36 45 25 18 13 20 49 11 43 27 58 10 46 57 19 23 24 0 7 28 32
7 35 47 8 5 28 39 37 45 29 44 31 58 52 1 50 25 3 41 24 11 27 32 34 26 56 46 22 49 0 51 43 14 53 21 6 9 55 33 4 38
8 47 53 7 28 4 44 0 9 26 59 51 25 11 36 46 14 57 34 27 58 50 29 22 49 42 2 5 13 23 20 48 12 24 21 54 3 17 16
9 11 2 8 13 16 21 17 19 51 55 38 14 49 27 44 47 59 26 0 23 58 36 32 48 22 54 53 7 24 18 33
10 26 39 4 37 46 52 12 58 21 14 41 42 13 40 53 28 49 15 22 47 6 55 23 51 36 50
11 23 18 26 9 4 40 22 8 20 21 34 46 7 14 50 1 5 15 6 12 36 42 19 56 25 31 29 17
12 32 54 28 1 40 45 50 15 17 10 36 58 5 44 4 27 57 16 25 35 11 37 49 8 38 23 21 30 53 2
13 35 43 18 47 9 0 16 2 57 14 34 50 25 15 6 10 40 27 29 30 8 38 46 23 37 3 41 54 4 44 33 22 52
14 15 37 34 45 38 57 3 32 19 13 8 10 39 41 33 55 9 43 11 35 36 25 16 29 24 58 18 0 17 2 44 26 52 49 56 54 7 1 5 22
15 14 43 0 20 52 29 19 12 35 22 17 13 58 18 37 25 33 56 32 10 11 5 42 30 23 45 44 59 24 48 57 27 51 38
16 22 32 31 28 9 13 37 57 20 56 4 23 12 3 0 14 27 58 40 26 35 59 42 54 5 30 19 48 52 8
17 58 37 55 25 30 32 2 12 9 50 31 3 27 47 22 29 15 39 20 5 46 49 40 14 23 52 24 45 4 1 51 21 33 8 56 26 11 35
18 42 52 26 35 3 0 54 11 31 13 5 50 6 15 30 14 49 21 48 58 44 9 41 47
19 44 15 25 9 14 0 2 49 3 45 46 31 40 11 47 43 57 37 6 32 56 33 58 21 51 16 39
20 45 15 46 51 25 47 54 16 59 11 32 44 28 17 55 6 43 48 38 40 58 3 8 1 23 42 34 30 33 29 52
21 56 58 5 39 0 37 9 35 54 10 23 11 44 59 41 18 53 49 48 8 31 29 12 17 27 7 1 25 22 19 30 28
22 59 0 16 46 48 40 43 50 29 5 11 27 2 15 17 28 31 8 33 30 39 44 10 7 23 52 57 55 9 53 49 38 4 56 54 13 21 14
23 11 49 40 26 48 36 0 21 4 16 31 34 1 32 22 13 8 17 9 20 52 6 24 12 10 39 56 15 54 55 38 51 30 45
24 46 39 33 37 51 40 27 35 5 54 7 47 44 26 14 17 58 42 8 6 23 15 9 53 4 30
25 31 17 27 20 29 37 8 19 7 57 59 56 6 13 1 36 44 14 30 12 33 15 55 0 39 4 38 42 35 52 11 53 21 58
26 10 44 18 11 45 23 8 2 56 1 59 7 46 24 4 28 9 16 36 55 14 33 32 47 17 53 42
27 25 46 43 22 24 17 39 12 8 3 7 37 54 45 36 9 41 16 13 29 40 6 0 21 4 15 58
28 44 12 7 49 3 8 30 40 16 52 36 53 22 20 2 33 32 10 56 31 39 26 58 48 51 34 43 42 29 47 6 21
29 53 25 7 4 15 22 52 17 8 30 44 14 13 58 27 0 42 40 32 45 39 28 56 21 37 47 59 36 57 11 33 20
30 57 31 2 6 56 17 3 28 53 46 55 52 0 5 49 39 29 25 22 4 13 18 1 34 38 15 54 44 43 12 20 16 21 24 23
31 6 30 25 2 18 16 7 17 52 23 5 57 22 0 19 48 58 28 54 1 56 35 44 4 21 49 47 34 33 59 32 11 40
32 12 16 17 14 49 33 20 51 28 57 7 15 38 23 58 34 29 52 9 4 19 39 3 26 42 36 31 6
33 0 24 4 32 14 28 22 25 15 1 41 2 59 26 13 40 19 17 31 7 20 9 29 44
34 1 58 14 5 3 43 38 13 11 8 7 50 23 2 30 28 32 57 47 20 39 53 31 44
35 13 7 6 18 5 3 48 54 15 0 21 24 40 52 59 14 44 47 12 37 16 31 45 25 56 42 17
36 44 12 23 28 52 8 6 25 14 27 53 41 1 54 11 26 9 4 29 32 10
37 14 17 10 46 7 24 49 21 39 25 58 16 40 27 53 15 35 42 12 13 45 19 0 29 57 43
38 14 55 9 50 34 59 0 48 1 20 32 13 57 25 49 30 41 22 12 42 56 23 40 15 7
39 10 24 5 44 7 6 21 55 37 45 43 27 14 49 52 17 30 54 2 28 22 25 29 23 34 4 32 0 19
40 53 12 23 22 28 42 11 51 24 37 35 5 52 10 13 16 20 47 19 27 17 29 56 1 2 33 46 57 38 41 31
41 47 7 14 10 3 27 21 36 57 33 13 55 5 38 48 49 1 40 18
42 18 50 45 52 40 2 46 43 56 48 4 51 10 8 37 1 11 15 29 28 25 55 24 20 16 38 54 35 32 49 26
43 13 15 27 22 42 5 39 34 49 58 14 20 6 57 28 19 1 56 2 7 51 30 44 3 37
44 26 53 19 28 36 39 8 46 7 56 12 21 20 57 35 25 29 24 9 1 22 14 50 55 4 31 59 30 13 15 34 3 52 18 43 33
45 52 20 14 26 57 42 7 12 39 48 6 27 19 50 1 47 37 29 35 17 46 5 15 55 23
46 24 22 37 20 10 30 27 44 42 0 8 11 26 19 53 17 7 13 6 45 40 52 2 58 55 57
47 7 8 41 20 13 54 17 24 35 9 50 40 45 56 19 10 34 53 31 29 28 26 18 5
48 0 5 35 51 22 50 59 2 23 45 56 1 42 20 38 31 28 8 18 9 41 21 15 55 16
49 23 28 37 4 50 32 19 39 30 43 9 0 8 5 10 6 17 7 12 18 38 22 14 21 55 41 31 57 53 42 59
50 42 48 53 22 0 12 56 6 17 49 7 38 13 8 18 11 34 45 47 44 52 10
51 48 20 24 40 8 9 57 4 32 42 1 28 53 7 2 43 17 10 23 19 55 15 59 0
52 18 45 59 42 15 10 7 28 30 36 55 31 29 35 40 39 22 32 14 53 3 17 23 54 25 4 50 46 44 58 16 13 20
53 44 8 40 50 30 29 3 5 1 28 4 37 10 36 46 51 52 21 22 56 0 9 47 7 57 25 34 12 49 24 26
54 12 18 35 47 20 56 21 24 27 39 1 36 31 2 13 4 58 52 59 30 8 14 22 9 16 42 23
55 17 38 30 39 9 52 1 14 20 25 26 44 41 22 42 49 10 45 23 7 51 46 48
56 21 30 50 42 44 16 54 48 25 26 7 0 15 28 2 4 47 31 40 5 11 53 43 22 14 35 19 3 58 29 23 38 57 17
57 30 45 14 4 2 16 13 25 51 12 8 31 32 44 1 0 41 38 22 43 19 34 6 53 5 49 56 37 15 29 40 46
58 17 21 34 7 12 37 10 43 8 15 2 16 31 28 29 14 20 32 9 6 24 54 18 5 56 1 19 46 25 27 52 4
59 22 52 3 48 8 20 25 38 26 35 21 9 16 44 54 33 29 15 31 2 51 49
