60
885
0 11 29 54 43 12 4 33 42 53 31 40 58 20 55 34 41 28 10 3 27 59 1 44 51 14 6 50 45 49 13 18 39 7 52
1 35 55 25 58 23 20 4 33 3 31 22 24 47 38 56 5 29 49 42 32 48 50 39 0 34 37 11 28 44 18 51 15 54 13 30 52 6
2 39 41 4 29 32 30 20 17 53 22 16 11 59 21 33 15 3 9 43 50 5 18 51 40 56 25 58 14 57 10
3 22 10 42 47 28 33 1 27 59 15 45 2 8 29 57 0 11 43 21 49 36 46 13 55 50 48 30
4 50 12 2 0 24 40 37 43 55 45 1 26 34 46 9 28 42 41 8 25 21 14 32 35 30 56 20 27 47 7 57
5 27 49 36 35 39 7 50 11 10 58 55 9 56 12 1 26 17 2 33 31 30 47 46 18 21 59 40 43
6 51 39 12 42 44 29 35 37 52 15 58 53 13 19 14 38 41 46 10 50 28 0 57 17 54 30 59 22 1
7 49 15 12 8 25 21 53 55 5 40 59 56 37 58 51 23 22 47 11 33 17 26 44 46 0 41 29 54 52 4 28
8 10 54 14 52 7 41 18 31 42 58 34 36 51 38 13 45 44 30 4 49 3 15 21 11 19 57 29 50 43 37
9 58 27 16 38 40 54 28 51 29 4 41 37 36 5 2 57 45 56 53 20 46 52 42 10 26 31 43 18 55 39 23 49 14
10 30 3 8 11 51 12 44 5 22 31 14 16 54 9 33 0 6 20 50 40 26 37 42 39 29 17 38 58 49 52 41 13 2 19
11 0 55 10 24 22 18 41 34 15 5 43 40 2 21 56 50 47 44 8 3 17 1 7 49 12 19 38 16 23 37 33 28 52
12 4 6 0 15 58 7 27 10 48 46 38 5 28 43 39 36 50 32 56 45 22 53 52 11 35 55 19 34 37
13 54 14 15 48 51 21 55 29 45 22 27 24 8 6 25 34 57 43 58 26 31 28 46 33 3 0 1 42 10 36
14 17 25 45 50 13 8 51 21 42 38 10 15 26 6 18 16 49 4 58 59 31 55 30 36 0 24 35 32 47 54 40 34 52 23 48 2 37 33 9
15 24 7 12 47 13 23 19 30 11 28 37 35 3 6 34 2 14 31 8 42 44 50 46 55 41 27 1 32 38 22
16 54 27 36 40 9 39 33 50 2 17 53 10 44 46 14 34 31 30 32 43 51 24 26 11 41 55 57 28 29 49 48
17 14 20 2 48 51 55 35 27 23 16 26 29 49 28 47 30 5 52 11 34 32 10 6 7 25 19 43 46 56 31 54
18 27 11 57 39 58 8 48 51 54 21 45 28 14 24 50 41 2 1 42 5 9 33 0 29
19 34 40 15 22 26 51 50 29 38 59 6 55 53 39 8 52 47 12 11 17 45 43 25 58 10
20 57 17 2 40 1 0 33 52 45 21 44 46 34 9 29 43 10 28 47 56 51 26 49 59 4 35 39 30
21 28 22 56 14 53 7 13 18 2 11 20 58 34 42 33 38 8 50 25 4 52 29 3 45 46 54 43 5 32 41 31
22 40 3 32 37 11 56 45 21 19 2 46 34 43 10 25 1 36 13 29 26 7 24 33 50 12 47 41 27 28 6 15
23 47 15 35 1 34 17 51 52 7 40 38 31 53 49 29 48 28 36 26 11 44 14 9
24 15 57 4 11 51 37 49 43 1 45 13 44 27 26 18 54 22 14 58 16 38 47 39 31 32 35 40
25 14 47 1 7 22 27 49 56 39 13 4 21 45 32 46 51 36 2 31 37 17 53 19 54 55
26 48 37 53 50 19 30 4 17 49 28 41 14 5 35 22 24 38 10 52 55 9 13 58 46 16 7 20 23 51
27 9 5 18 16 49 50 42 41 12 57 17 40 3 25 13 47 55 24 29 28 0 38 51 39 15 43 53 22 58 4 36 54
28 55 38 40 21 39 3 9 15 4 26 30 12 17 29 18 42 0 27 36 20 33 48 1 6 23 56 13 22 59 16 11 7
29 33 0 2 36 6 19 59 43 13 41 17 9 58 51 28 1 42 45 27 22 53 39 20 3 30 21 23 10 8 55 52 7 16 18 56 50
30 10 2 33 45 15 47 31 26 46 38 39 28 8 17 59 29 5 14 16 4 32 35 37 1 6 20 3
31 34 40 30 35 8 0 10 1 42 15 41 54 23 47 14 16 5 13 25 58 24 9 21 17
32 42 22 2 56 50 58 49 57 53 12 1 25 37 4 55 16 14 30 38 17 54 46 15 21 44 24 34
33 29 46 40 41 30 0 3 16 1 20 42 2 55 45 21 10 22 5 28 7 13 18 14 11 34
34 31 19 11 23 54 22 48 4 8 15 21 0 20 13 16 1 36 35 50 17 49 12 14 41 42 58 56 55 32 46 51 33
35 39 1 23 6 5 17 31 15 41 54 26 55 57 4 53 51 14 34 12 30 20 48 24 45
36 16 5 29 46 9 22 8 48 53 49 12 52 28 25 45 34 55 14 3 23 51 37 27 13 39
37 22 26 4 39 6 24 15 9 50 7 57 59 32 52 58 1 10 49 25 55 36 30 11 14 54 40 12 8 47
38 47 28 9 40 58 30 14 19 1 12 8 48 46 23 6 21 45 51 43 26 27 53 41 32 11 10 24 50 42 15 59
39 2 35 6 41 16 42 18 28 37 5 30 50 44 46 12 43 25 29 1 19 47 51 10 27 24 40 57 9 0 20 49 36
40 22 16 33 31 28 47 9 38 4 58 19 20 48 0 7 11 27 52 23 10 42 2 14 46 39 37 24 5 49
41 2 39 33 11 48 44 45 27 8 49 29 35 9 26 31 6 4 0 50 18 47 52 53 55 56 38 15 22 16 21 34 7 10
42 32 6 39 3 27 0 14 54 8 47 31 33 44 4 21 1 29 28 9 15 40 45 18 10 43 50 49 38 13 34 58 57
43 56 0 4 24 29 22 11 50 51 44 54 12 2 39 59 46 52 38 20 3 13 49 48 21 16 53 27 17 42 9 19 8 5
44 6 41 10 52 45 42 43 20 39 24 8 16 46 11 50 0 58 15 1 7 23 32 59 55
45 14 49 22 41 30 4 58 59 44 13 53 20 47 24 3 33 18 46 8 57 9 38 29 25 12 36 21 42 0 19 35
46 33 56 52 49 22 30 4 36 12 51 39 20 38 45 44 16 9 43 6 25 15 21 26 13 5 40 3 47 7 32 17 34
47 38 25 23 40 15 3 30 42 48 45 1 27 11 17 51 31 41 7 57 39 20 14 19 5 22 46 24 4 37
48 26 17 13 41 40 34 12 18 47 36 38 1 57 58 28 43 23 14 59 35 16 3 49
49 7 5 45 27 41 46 52 24 58 26 51 32 17 25 36 1 8 50 14 23 56 43 3 55 37 11 34 0 20 42 10 16 39 9 48 40
50 4 14 58 54 27 26 19 5 32 16 43 39 59 37 11 12 41 44 21 49 18 2 1 10 55 22 15 6 53 0 34 8 38 42 51 3 29
51 6 24 17 14 13 10 19 9 18 23 29 49 43 55 8 46 7 47 38 25 2 0 35 27 39 57 16 36 20 1 50 26 34
52 8 46 49 44 6 20 23 40 9 43 36 17 41 37 21 59 12 19 26 29 14 1 10 0 7 11
53 26 21 7 2 0 55 45 54 16 36 32 6 9 23 29 19 35 12 41 38 50 59 43 25 27
54 16 0 13 8 50 9 42 34 18 53 35 43 56 31 10 24 14 21 32 6 1 25 37 27 7 17
55 28 11 1 17 7 4 13 5 53 51 33 59 0 19 27 35 50 32 14 36 49 41 26 12 15 29 37 16 3 9 25 34 44
56 43 22 46 32 21 7 5 11 1 54 25 9 12 49 20 41 2 28 57 4 29 34 17
57 20 24 18 27 32 45 9 37 3 35 48 13 47 51 8 6 56 16 59 39 42 2 4
58 9 50 12 40 18 1 38 49 0 45 5 8 29 32 21 59 6 7 14 37 48 44 13 26 24 2 31 10 19 27 34 42
59 29 45 3 7 2 50 58 55 19 43 37 14 0 30 52 53 57 28 20 6 48 44 5 38
