60
885
0 49 40 30 39 17 12 13 7 53 16 9 52 32 43 35 45 42 15 6 29
1 12 29 56 26 48 49 51 42 52 16 59 3 57 35 25 7 14 36 20 8 44 31 24 11 28 5 23 17 33 38
2 25 41 48 40 32 57 18 22 49 27 28 53 20 56 39 29 5 21 12 15 43 33 54 11 3 38
3 25 58 41 45 48 17 34 50 5 32 49 19 20 1 18 40 27 29 46 28 39 16 55 47 43 2 30 38 9
4 12 21 24 54 50 11 41 9 58 7 53 40 19 45 17 32 16 56 26 48 14 36 55 29 38 15 13 51
5 34 48 56 6 3 15 18 11 30 50 33 49 13 28 54 12 55 14 58 10 59 24 2 17 51 35 46 1 40 57 41 23
6 12 11 24 5 46 58 39 23 34 52 17 35 40 29 32 42 27 30 20 49 51 38 0 45
7 35 14 59 51 26 38 56 0 4 58 27 45 54 12 41 42 52 33 9 34 1 29 20 15 30 50 24 39
8 25 11 30 24 32 46 44 27 47 42 9 34 21 53 18 51 37 10 54 56 16 57 1 20 49 39 55 59 40
9 4 13 43 42 50 32 36 8 56 55 49 0 15 21 7 31 38 34 27 44 30 25 10 11 18 54 22 57 58 51 3
10 56 50 30 21 59 23 33 11 15 20 38 18 29 49 5 8 39 40 54 9 14 27 31 45 55 24 16
11 36 6 59 29 15 12 42 8 57 40 4 5 39 10 18 54 26 47 27 50 13 37 22 21 58 45 2 9 44 53 43 1 55 48
12 54 6 4 46 35 1 11 17 15 47 32 0 51 36 7 5 45 37 28 2 59 21 58 56 26 34 52 55 22 24 57 19 40 50
13 14 20 52 23 51 28 21 9 50 5 0 11 46 18 30 35 37 38 29 45 34 41 39 24 53 47 58 36 22 4
14 13 31 58 7 16 22 18 25 48 56 29 15 21 47 26 39 54 19 23 5 50 45 33 49 24 1 37 28 27 43 52 10 59 4
15 42 40 11 36 12 58 38 5 49 47 54 43 10 14 25 9 20 37 19 39 57 44 45 22 2 53 16 29 7 55 48 28 17 32 41 0 4
16 58 49 55 14 43 57 46 27 18 25 1 0 36 22 29 4 56 21 15 53 8 45 48 33 41 3 44 50 23 10 47 17 28
17 41 42 3 12 24 30 0 19 46 6 50 4 39 35 5 33 59 21 15 31 23 1 16 43 58
18 19 27 21 23 2 38 5 14 51 48 11 53 34 16 22 54 35 10 13 3 25 31 8 41 57 9 46 29 50 39 36
19 18 45 26 43 31 21 53 17 3 44 14 4 24 34 15 22 33 30 37 46 25 32 47 55 23 12 59
20 35 13 47 59 53 31 46 26 23 10 30 2 50 3 34 15 38 6 7 45 25 1 8 57 42 51 58 49 48 43 55 33 41
21 4 18 24 55 19 10 13 27 34 43 26 14 31 23 8 49 9 58 38 11 32 16 46 35 2 12 33 28 17 52 50 36 41 22 57 45 42
22 40 14 46 37 2 49 44 57 33 18 38 54 50 16 11 19 24 43 39 36 15 34 52 12 9 13 21 56 59 42 35
23 56 13 33 18 6 10 53 24 20 42 30 50 52 21 40 14 35 36 39 47 45 25 46 19 51 29 16 37 17 5 1
24 21 4 6 37 42 8 17 23 40 19 50 43 53 22 44 5 54 36 30 14 13 52 47 1 59 7 51 12 57 10
25 2 3 8 40 33 31 57 14 45 41 58 16 29 36 15 18 46 47 28 55 48 39 59 1 34 43 32 20 56 9 50 23 26 19
26 19 27 7 53 1 56 29 20 59 11 21 51 54 14 28 43 42 47 4 25 12 36 34 35 40 58 32 30 44 33
27 18 26 21 16 2 8 7 46 11 52 31 28 3 6 38 9 58 40 14 44 43 10 33 56
28 58 43 30 13 5 39 2 41 53 27 47 42 26 25 31 55 12 3 46 50 38 21 45 14 15 32 29 1 44 16
29 36 11 1 26 53 57 46 14 44 25 30 10 3 6 16 2 13 37 7 54 15 58 33 32 28 18 35 49 23 50 4 0 59
30 34 40 41 0 28 8 10 5 17 31 46 23 20 29 45 13 19 6 24 9 7 3 52 47 36 26 50 57
31 14 19 57 48 25 20 30 54 49 32 21 37 51 40 27 18 9 44 28 52 38 1 39 50 17 46 10 59 58
32 40 53 2 8 12 56 3 9 31 50 59 52 0 4 6 21 41 35 36 33 25 34 58 57 28 29 19 15 44 26 37
33 23 25 10 5 22 54 7 41 19 14 38 32 21 2 17 16 29 56 57 39 27 53 26 20 50 1
34 30 5 56 37 3 44 6 21 43 18 8 20 45 19 7 9 50 46 40 25 13 32 22 26 12 58 52 51
35 20 7 12 47 43 59 38 6 18 58 48 52 23 56 46 13 1 45 21 32 42 17 0 5 26 29 22
36 11 29 15 52 58 55 43 12 9 44 16 25 48 45 37 47 23 51 24 22 59 32 1 41 38 26 46 13 21 4 30 39 18
37 24 34 45 22 52 41 42 58 43 31 11 47 54 15 36 8 13 12 19 29 14 59 23 32
38 58 18 15 7 50 35 22 10 9 21 39 13 49 27 20 33 47 28 53 31 36 46 44 52 6 3 4 2 1
39 6 41 49 11 0 28 54 14 2 15 38 25 17 22 10 23 56 13 57 3 31 8 46 33 47 40 43 36 18 45 42 7
40 30 15 32 0 2 22 25 11 50 59 4 51 6 24 31 23 42 58 3 41 34 54 52 27 10 48 26 5 39 44 8 12
41 2 17 30 3 4 39 37 25 59 28 52 45 7 48 33 51 40 32 36 13 18 53 16 43 46 47 15 21 42 5 49 20
42 15 57 17 11 43 24 48 1 23 50 37 9 8 7 40 6 28 35 53 26 20 55 0 49 44 54 45 41 22 39 21
43 19 42 28 35 16 34 21 9 15 36 37 24 22 0 58 52 26 25 2 47 56 41 14 55 27 11 3 53 39 20 46 17
44 45 34 8 22 29 36 46 58 19 31 24 15 9 59 38 1 27 11 16 42 32 47 28 52 26 40
45 19 44 3 37 25 48 52 41 7 4 30 34 36 14 35 12 15 53 13 11 23 20 56 28 0 16 51 42 10 6 39 21 59
46 12 6 22 20 16 8 30 29 17 44 27 13 25 3 51 35 21 34 19 28 48 57 38 59 18 41 36 39 5 31 23 43
47 20 35 12 15 8 11 14 58 37 25 28 36 52 23 38 43 24 26 13 19 48 3 41 30 44 39 57 16
48 5 53 2 3 31 1 42 18 14 58 45 36 35 41 25 51 46 16 56 15 4 47 40 52 20 11
49 0 16 39 1 15 2 22 5 31 51 3 9 54 21 10 50 14 38 8 6 56 42 20 29 52 41
50 10 4 3 40 5 56 13 42 9 38 59 32 11 23 20 22 24 17 14 49 34 55 28 25 21 31 7 16 18 29 30 33 12
51 13 7 1 18 12 49 26 40 31 54 46 41 8 36 59 48 5 45 20 6 24 23 9 34 4
52 54 13 36 37 55 6 1 45 41 27 23 32 35 0 7 47 43 40 31 24 22 14 21 12 38 48 53 30 34 44 49
53 48 32 20 26 55 19 29 23 18 0 2 4 28 8 24 45 15 42 16 41 38 13 11 43 52 33
54 12 4 52 59 31 15 11 39 18 5 26 7 22 14 33 49 37 51 24 40 8 29 2 10 55 9 42
55 16 21 53 52 36 9 5 25 50 28 15 42 54 43 3 19 8 12 4 11 10 56 20
56 34 23 10 5 1 26 7 32 50 59 14 9 2 35 16 4 39 8 45 25 43 48 33 12 49 22 55 27
57 42 11 31 2 25 16 29 22 1 15 59 39 46 8 32 20 18 33 9 5 47 12 24 58 30 21
58 16 28 3 14 38 6 15 36 4 25 48 7 37 44 47 35 40 21 5 11 43 27 32 12 29 13 20 34 9 26 57 17 31
59 11 7 20 54 10 35 41 56 26 40 50 32 1 5 51 25 36 12 57 17 44 37 46 24 14 8 22 29 19 31 45
