60
885
0 48 2 13 38 22 29 54 5 58 30 49 28 55 56 50 16 8 1 6 46 7 32 18
1 4 11 38 21 28 15 39 29 41 10 8 44 47 26 23 35 42 2 46 54 51 55 0 9 27 22 57 58 59 19 14 20 50 3 5
2 9 3 14 0 43 10 54 6 59 47 40 38 48 36 41 35 22 30 56 4 12 20 37 28 1 15 55 52 33 46 42 23
3 57 2 26 40 10 11 30 27 59 54 55 32 6 9 18 35 49 12 14 51 36 45 4 1 39
4 1 8 58 47 13 46 9 54 23 29 24 22 59 34 18 44 10 42 17 36 25 38 52 7 43 21 2 19 35 51 57 30 31 48 27 3 50 45
5 12 39 54 44 57 23 27 13 16 7 10 55 0 50 43 34 18 56 37 41 22 15 14 46 52 30 9 8 58 48 29 32 20 19 38 1
6 57 2 32 48 7 40 45 56 10 58 18 17 25 29 55 31 3 23 16 44 33 38 52 15 34 0 39 14 43 24 26 36 12 21
7 20 23 6 14 53 39 40 56 5 19 52 26 24 35 29 43 47 55 49 4 46 42 16 10 33 50 48 54 8 0 27 11 13 21
8 4 56 19 39 36 22 1 10 14 13 53 29 48 20 0 34 5 25 11 7 31 57 28 41
9 2 24 4 47 54 34 18 46 30 10 57 15 26 3 14 35 25 43 38 21 11 5 1 19 29 53 44 20 27
10 58 2 3 16 34 30 21 6 5 9 1 12 8 4 17 24 45 39 14 23 15 46 35 51 7 11 25 32
11 33 3 1 24 29 55 50 46 12 28 27 15 34 16 38 21 25 49 9 52 13 10 43 8 7 47 31 32 39
12 5 51 52 47 31 39 53 27 13 36 14 37 44 10 21 11 57 50 41 29 2 24 3 34 46 20 38 54 59 26 58 56 6 43
13 23 0 56 4 5 40 46 21 12 16 28 35 48 44 54 24 17 25 8 58 19 18 15 20 50 36 47 27 30 22 59 55 11 31 7
14 16 2 38 7 47 54 48 52 12 58 42 45 53 41 17 36 8 59 15 10 22 33 56 5 9 3 46 19 26 28 43 6 1 49 18 25 27 32
15 43 56 19 58 38 1 46 34 59 26 20 55 25 35 33 28 9 49 30 14 11 13 50 31 10 48 5 53 6 52 18 2 54 42 29 37 51 22 16
16 14 51 10 32 25 5 13 43 57 27 6 55 11 35 38 0 22 45 40 37 41 49 47 7 50 33 31 46 21 15
17 49 29 50 48 6 34 32 4 10 35 14 13 20 25 26 55 51 46 28 27 59 58 44 47 39 24
18 29 40 9 26 41 6 46 4 48 5 58 13 3 24 15 34 44 38 19 49 45 31 50 43 53 14 0
19 22 45 29 25 15 8 59 20 7 28 44 21 30 26 35 40 13 41 53 37 34 4 14 18 38 9 1 27 39 36 5 24
20 7 42 30 53 19 15 26 44 32 35 39 17 51 31 13 8 27 2 49 25 58 12 24 22 34 57 36 43 1 37 5 47 9
21 39 59 26 27 1 31 43 10 13 57 19 51 12 4 53 41 11 42 40 9 54 38 24 16 33 52 6 7 44 55
22 19 58 0 25 4 27 8 46 2 44 59 26 14 48 5 16 39 43 41 13 32 56 35 20 36 1 15 54 38
23 13 47 43 7 52 4 58 5 50 26 24 30 28 39 6 55 10 1 54 49 36 31 59 27 56 53 2 57 29
24 45 50 34 9 11 4 41 47 35 23 52 13 7 28 10 57 12 59 18 25 56 20 6 33 36 37 17 21 26 39 19 44
25 27 19 22 16 6 42 43 15 4 13 56 17 37 44 20 34 55 39 9 11 47 24 48 29 31 8 32 58 10 59 14
26 40 3 21 57 18 15 23 20 7 56 19 9 17 59 58 22 1 35 37 27 53 14 41 12 54 6 50 28 24 51
27 25 31 21 56 34 47 5 52 12 3 22 51 35 48 37 28 16 38 11 30 46 20 13 26 17 23 1 41 7 4 19 54 29 33 14 9 43 45 50
28 56 1 34 31 19 13 52 27 51 15 46 24 23 43 0 11 32 2 40 53 17 14 33 54 26 8
29 52 18 19 11 0 17 1 4 6 46 7 41 8 57 12 39 44 43 45 37 15 36 25 9 5 47 27 23 48
30 32 10 20 52 3 36 51 9 19 0 23 2 15 55 27 43 13 44 56 5 57 4
31 27 21 12 28 52 55 6 41 58 20 15 38 45 23 57 43 4 35 25 56 16 13 8 18 39 11
32 30 6 16 33 44 47 55 45 42 20 17 52 38 36 57 3 58 46 35 28 22 25 5 0 10 11 53 14
33 11 49 32 45 59 52 15 35 56 46 55 38 14 6 47 44 28 51 7 16 2 24 39 21 43 42 27
34 24 49 10 27 56 44 54 9 28 15 53 17 4 36 5 11 41 39 19 25 12 8 52 6 18 40 58 20 43 42
35 49 57 27 13 2 45 24 20 56 15 19 33 7 17 32 16 47 37 3 26 1 9 55 4 10 22 44 31 59 40 39 54
36 49 45 2 8 12 46 30 34 39 32 4 14 51 42 13 38 54 40 23 48 3 29 22 24 20 41 6 19 37
37 12 27 51 41 25 5 2 19 35 40 43 16 26 55 29 56 15 24 47 20 50 49 36
38 54 53 14 0 1 44 15 2 39 43 46 32 58 4 27 11 16 33 31 36 6 45 40 9 41 18 19 12 21 5 22
39 21 42 5 12 1 8 7 38 55 53 47 36 43 20 23 10 22 29 34 58 54 49 25 6 33 17 35 19 31 3 24 59 11
40 26 3 49 6 2 18 13 47 7 57 51 46 58 19 42 16 37 28 38 36 55 59 21 34 35 45
41 58 53 52 1 18 46 2 54 24 44 14 37 29 31 55 19 12 21 5 34 22 16 38 57 26 27 36 8
42 39 20 51 32 25 14 4 36 46 40 7 1 21 15 55 56 44 52 50 2 33 34
43 15 2 23 21 50 47 38 16 49 25 5 39 7 28 4 45 30 37 22 29 9 54 31 14 6 11 57 20 34 18 33 12 27
44 52 38 34 5 32 19 20 12 4 13 41 59 1 22 6 25 56 29 30 48 33 18 35 17 55 57 42 45 9 24 21
45 24 19 36 6 33 57 32 35 14 56 46 10 43 16 59 31 38 29 58 3 18 44 40 4 27
46 52 4 15 49 58 13 36 41 9 22 18 38 54 29 28 11 40 45 53 32 42 33 7 27 5 10 14 47 12 1 17 0 16 2 56
47 23 4 59 48 27 14 9 12 2 43 32 40 39 24 7 1 55 35 54 13 33 46 16 25 17 37 29 20 11
48 53 0 6 47 50 2 57 17 14 27 13 18 8 22 15 36 44 25 7 4 5 29
49 17 50 33 36 34 40 46 35 43 0 15 7 20 52 23 3 39 16 11 18 55 14 37
50 24 49 11 43 48 17 57 23 5 12 15 13 0 16 7 55 1 42 37 18 26 4 27
51 12 16 42 59 27 30 21 28 40 37 56 36 20 57 3 17 1 4 55 10 33 52 15 53 26
52 29 44 46 12 23 31 30 41 27 54 14 28 7 33 32 24 55 4 59 49 6 5 15 34 2 11 51 42 21
53 48 38 41 7 12 56 20 39 34 14 46 8 19 21 15 28 26 9 23 51 18 32
54 38 2 4 5 9 34 14 52 41 0 46 3 13 58 55 47 23 36 56 39 1 15 43 21 12 26 7 22 28 27 35
55 11 39 58 32 5 15 31 3 52 6 7 0 16 23 54 30 57 41 17 47 33 35 37 25 40 1 51 2 42 13 44 49 50 56 21
56 28 13 27 8 15 34 6 53 7 35 26 45 33 2 51 5 25 0 59 14 44 54 30 22 24 42 37 31 23 12 55 46
57 3 6 26 5 48 45 50 35 21 9 40 32 16 12 24 29 51 55 4 31 30 41 1 20 8 44 43 23
58 41 4 10 22 15 23 46 55 6 14 0 38 40 54 13 18 32 31 26 20 39 45 17 1 34 25 12 5
59 21 47 2 19 15 3 51 4 33 44 14 22 26 52 56 24 45 23 13 40 17 35 12 1 25 39
