60
885
0 20 13 56 1 58 17 26 41 10 33 36 5 39 48 52 29 14 35 3 24 12 49 2 27 55 40 31 22 18 4 25 44 16
1 10 59 47 25 44 0 32 13 4 14 33 24 2 22 34 28 23 26 19 12 9 8 3 16 5 51 7 30 52 56 39
2 42 33 56 47 1 26 38 50 41 15 9 27 12 3 23 19 29 7 18 10 17 37 13 0 48 25 4 49 6
3 50 20 28 12 47 45 26 10 9 49 25 55 8 36 2 34 1 0 44 24 56 11 46 22 15 16 18 29 42 35
4 5 40 41 11 57 1 37 42 9 54 21 19 35 34 39 46 12 14 49 27 22 6 2 0 53
5 4 23 54 55 28 34 26 14 37 21 0 30 19 36 48 56 45 12 42 27 49 58 40 32 1 11 51
6 32 53 33 23 27 39 59 20 13 50 57 28 30 43 49 37 34 56 52 15 14 8 11 16 17 21 24 22 36 55 4 44 7 41 26 51 29 2
7 42 50 15 14 33 22 28 24 58 17 46 26 23 53 38 37 34 45 29 55 10 21 12 2 43 47 25 48 56 40 1 54 6
8 47 29 12 51 31 15 32 14 58 19 44 45 3 13 26 38 36 57 1 16 6 25 49 30 43 39 10 18 22 37 9 21
9 17 49 19 30 41 27 13 11 39 16 4 25 3 2 10 47 21 52 26 58 37 1 12 48 57 31 32 54 29 56 36 8
10 1 17 26 22 32 48 19 3 0 38 41 40 52 29 9 58 44 18 34 28 59 14 7 36 11 54 46 2 42 31 8 51 24 57 30 56 33 37
11 50 13 4 54 9 33 21 25 19 56 59 52 20 24 41 46 48 38 10 45 27 6 43 15 16 51 29 3 5 34 26 47 40
12 29 59 18 3 56 8 19 52 32 50 26 44 39 41 2 43 30 1 22 33 7 4 45 5 9 13 0 23 15 36 51 49 53 25 31 24 34 58 38
13 0 54 36 17 11 29 1 9 59 6 57 22 48 18 55 8 40 39 12 51 30 37 49 42 20 52 2 35 33 16
14 7 39 1 36 17 5 8 31 52 30 23 37 20 55 10 29 48 6 33 0 4 24 57 44 54 40 46 47 56 38 59
15 47 39 30 7 32 46 59 27 19 53 51 8 2 45 50 33 28 23 44 6 41 37 54 38 25 56 11 12 29 48 52 17 31 3 40 57 58
16 46 44 31 52 42 26 51 9 27 45 22 38 43 8 1 24 39 56 25 6 48 50 11 36 41 3 28 37 23 13 0
17 9 10 29 48 13 33 0 7 20 14 53 44 25 49 30 37 59 35 22 6 2 15 18 39 27 50
18 12 36 42 30 51 54 26 55 46 58 21 10 13 50 59 25 23 35 2 32 8 3 17 47 0
19 22 9 10 12 15 4 35 11 5 20 56 8 1 36 2 49 59 53 58 44 27 45 43 38 40 29 21 52 55 47
20 0 31 3 21 52 55 6 27 17 47 46 19 11 38 14 33 34 22 29 13 23 39 51 53 30 48 41
21 59 45 20 57 11 4 38 5 50 44 9 27 18 43 7 39 24 58 6 19 55 41 8 32
22 39 40 19 10 7 52 23 1 28 35 13 58 27 26 49 16 12 30 17 56 57 20 25 31 4 6 34 3 41 8 24 0 47 50 42
23 5 35 6 58 59 47 36 50 22 56 7 54 1 14 34 15 51 2 44 32 18 30 27 12 55 40 20 29 28 16 37 41
24 1 7 39 54 44 36 26 40 28 29 35 58 50 11 33 16 3 0 14 21 6 55 12 49 10 22 34
25 1 50 33 44 30 9 11 17 35 32 37 39 3 48 36 40 43 22 18 8 41 15 16 7 12 57 29 2 0
26 53 52 48 10 34 28 16 3 57 5 0 39 45 24 2 18 42 12 7 32 47 1 41 9 22 8 58 50 31 6 35 44 11
27 52 6 9 38 20 39 30 15 16 37 49 53 2 21 22 55 32 46 54 56 5 57 11 4 23 19 59 50 34 0 17 35 41 43 40
28 57 3 55 5 59 26 7 30 43 35 46 24 42 22 1 6 15 10 39 56 32 34 47 44 41 16 23 36 45
29 12 47 17 13 59 8 24 10 7 14 0 2 57 58 52 41 15 33 11 36 50 20 9 30 51 25 48 19 23 49 3 44 6 55 35
30 56 15 9 18 54 28 25 27 44 45 5 32 49 6 14 17 12 40 37 22 55 13 23 51 8 47 36 29 1 53 48 10 20
31 20 16 33 8 37 53 44 14 51 22 45 35 58 9 39 46 42 10 12 15 59 57 26 0 43 50
32 6 10 15 1 56 50 12 39 35 49 30 8 26 25 52 38 59 27 23 58 18 5 28 9 47 34 21
33 35 6 39 25 7 1 17 2 31 11 0 15 57 12 45 48 20 14 24 41 50 29 38 42 54 13 43 10
34 26 54 41 5 51 52 1 4 23 45 53 7 10 6 59 3 20 28 55 11 22 27 12 32 37 35 36 24 50 44 56
35 33 23 38 54 28 51 32 19 4 25 22 37 24 17 42 0 56 18 31 53 59 43 47 13 34 55 26 27 29 3 50
36 41 13 42 18 14 23 24 0 37 5 56 48 19 25 3 45 8 10 55 12 30 52 29 6 16 34 28 9
37 45 4 31 5 27 36 25 35 40 14 7 6 17 30 41 9 48 15 13 53 59 2 34 8 46 16 23 42 10
38 35 27 51 10 2 21 45 32 7 44 20 8 16 58 11 15 19 33 53 46 14 12
39 54 22 33 15 6 52 14 9 24 27 32 26 59 40 0 12 4 49 25 28 13 51 21 16 31 58 42 8 41 20 47 17 48 43 1
40 22 4 51 44 24 39 10 49 37 56 46 30 13 58 25 5 42 43 7 50 23 19 15 14 52 0 11 27
41 36 4 9 34 0 59 2 10 12 44 26 53 37 11 52 15 33 25 29 54 58 39 16 28 22 6 50 27 21 20 23
42 7 2 36 54 18 16 4 51 57 48 26 28 55 35 5 50 40 13 39 31 10 33 46 52 47 53 3 37 22
43 28 6 12 21 25 16 11 7 40 56 19 8 35 57 33 27 31 39 44
44 16 1 25 24 30 40 17 12 31 41 21 56 10 8 38 23 46 15 3 19 14 28 6 26 29 34 43 0
45 37 21 3 26 30 16 15 38 34 59 8 7 36 5 33 12 52 31 11 47 19 49 28
46 16 55 53 15 7 28 18 20 4 40 44 11 27 31 10 51 3 42 14 37 38
47 1 29 15 57 8 48 3 23 2 20 26 9 55 53 45 28 7 30 32 35 39 18 42 22 11 14 56 54 19
48 17 26 10 47 49 54 42 0 50 5 13 36 25 57 33 37 58 11 14 9 53 16 7 15 2 29 30 39 20
49 9 48 32 55 40 30 27 17 39 3 6 58 57 22 19 4 5 8 13 0 56 50 12 24 45 29 53 2
50 11 3 7 25 32 23 6 12 2 21 15 48 18 24 55 58 52 42 49 33 16 26 29 27 40 41 53 34 22 17 35 31
51 38 16 8 40 34 42 35 18 15 23 39 54 31 13 30 53 11 12 1 46 29 10 52 5 20 6 58
52 26 27 54 16 39 20 22 12 34 10 32 14 11 9 0 6 41 45 50 29 36 15 13 58 51 42 40 1 56 19 57
53 26 6 46 17 15 31 27 7 34 41 59 47 19 48 37 51 35 12 30 50 38 49 20 4 42 57
54 5 39 13 52 42 34 11 30 48 35 24 4 18 57 23 51 15 27 10 9 14 41 7 33 47
55 46 5 28 20 18 49 42 3 47 13 14 27 7 50 30 36 34 23 24 6 35 0 21 19 29
56 30 0 12 32 2 23 11 36 19 44 5 6 40 28 22 27 35 16 49 58 43 15 3 7 9 52 59 10 14 47 34 1
57 47 28 4 26 21 42 54 13 6 33 49 48 29 22 8 27 9 14 25 31 43 10 15 52 53
58 23 0 7 59 8 49 10 18 22 24 9 40 38 48 50 32 5 31 26 29 19 56 39 21 41 52 15 51 12
59 1 12 21 23 28 29 6 15 41 39 13 58 11 32 45 17 34 10 53 19 18 37 27 35 31 56 14
