60
885
0 49 29 44 14 13 28 5 26 6 17 10 18 16 9 1 58 47 55 2 39 23 57 20 27 24 54 51 21 35 31 46 37
1 31 25 38 59 46 55 40 54 2 3 28 43 20 27 7 0 36 33 14 11 53 19 35 44 45 47 8
2 20 19 32 58 36 40 1 48 52 51 47 26 6 3 13 0 31 4 28 45 34 30 27 16 23 46 5 53 37 10 41
3 51 23 59 33 10 50 5 1 16 22 19 15 36 2 52 34 43 28 42 11 9 55 12 8 4 20 37 25 41 49 46
4 16 14 35 57 42 17 37 12 41 6 53 32 22 52 27 8 55 2 49 5 38 15 3 19 10 45 51 29 39 9 24
5 32 14 58 48 15 20 54 3 0 10 17 35 51 23 59 8 28 44 37 39 4 40 16 12 47 21 9 41 2 53 57
6 53 47 58 32 16 4 49 57 0 37 50 52 2 33 9 25 19 10 29 45 40 28 42 7 34 54 31
7 38 25 47 29 43 59 48 42 1 34 32 15 46 18 23 9 30 6 16 28 58 37 51
8 44 55 59 51 12 49 36 58 21 13 26 54 38 5 4 27 46 17 16 42 15 29 10 35 3 22 40 25 56 32 39 45 1
9 46 11 21 23 20 59 50 24 0 6 31 39 44 32 29 3 15 14 25 52 7 5 30 53 45 16 57 27 4
10 46 35 40 3 30 18 5 21 34 0 52 50 6 48 14 55 33 58 12 8 23 45 31 4 36 54 2
11 14 30 9 53 25 47 13 22 44 46 34 21 51 33 29 59 17 42 16 39 3 52 57 1 56 55 32 58 40 26 27 15 38
12 54 39 22 36 46 4 8 20 21 35 32 40 53 41 47 26 10 31 37 5 29 3 44 42 59 13 18 15 25
13 44 33 0 19 11 51 31 57 49 16 58 25 15 8 18 27 2 59 32 20 39 46 30 36 35 55 12 48 26
14 11 4 52 5 16 36 18 0 15 19 41 31 27 17 25 24 39 10 1 49 42 9 50 20 45 26 23 53
15 40 57 26 36 22 19 5 14 47 23 46 13 37 3 50 49 38 56 44 7 45 9 8 16 4 33 34 25 30 12 20 11 21
16 4 14 21 58 52 26 6 45 3 38 41 13 55 47 0 53 31 49 8 36 11 34 50 18 5 22 15 28 42 19 30 2 59 7 9 24 57 54 43
17 4 58 27 50 5 23 32 0 22 42 14 24 18 55 8 36 11 30 31 57 35 38 41 39 26 48 20 49 34 45 37
18 55 14 42 10 57 32 27 21 58 36 0 26 35 13 17 54 56 34 46 16 48 43 38 40 39 7 52 12 44 19 25 37
19 2 28 15 48 13 23 53 57 14 25 32 29 3 6 41 27 21 49 38 36 16 1 44 4 33 18 56 58 51 59 42
20 2 27 46 5 9 38 12 34 1 21 0 22 56 37 13 17 49 14 42 3 15 24 58 55 30 53
21 29 37 48 32 26 16 9 52 23 10 18 11 12 8 47 20 43 54 46 55 35 36 58 39 19 0 34 44 57 5 40 15 28 24 42
22 15 12 11 32 4 50 3 36 17 37 39 57 55 28 47 54 40 45 48 59 16 20 51 34 8 38 56 46
23 3 33 9 19 25 15 35 21 36 17 37 55 44 42 5 46 39 0 27 7 28 10 2 32 14 59 48 26
24 59 43 25 9 17 14 53 41 52 45 47 40 0 28 26 34 37 16 20 4 57 36 21
25 1 7 53 26 56 24 11 23 52 19 13 6 14 33 34 58 9 44 31 36 40 49 57 15 8 3 38 18 12
26 15 49 25 21 16 0 2 18 8 38 31 28 43 12 35 59 34 36 56 17 54 24 42 55 50 32 44 11 14 23 41 46 13
27 49 20 36 42 59 53 17 38 55 18 47 34 1 4 14 52 13 35 8 48 58 31 19 0 23 33 29 2 50 37 11 9
28 19 30 0 36 50 1 41 32 45 5 37 40 26 58 3 22 2 49 53 59 24 47 16 6 31 23 44 38 57 46 7 21 33 52
29 21 0 7 37 44 41 30 19 48 55 6 11 38 9 58 31 33 8 12 36 54 57 27 51 4 32 35
30 11 10 28 29 44 51 38 17 54 36 2 31 34 13 48 57 41 16 7 9 15 20
31 1 55 44 39 13 35 14 16 52 9 26 2 17 27 12 41 34 29 46 47 30 25 56 28 10 40 0 6 54 43
32 5 40 6 2 35 21 34 18 45 22 4 17 19 28 12 33 49 39 9 7 36 13 47 11 55 37 44 42 26 23 8 29
33 23 13 3 53 38 40 36 6 11 32 1 25 47 10 39 56 29 15 27 55 19 34 52 28
34 46 32 38 49 11 10 27 20 7 59 18 3 54 47 16 25 51 31 26 2 30 21 24 22 15 17 43 6 48 40 33 52
35 4 10 32 23 53 31 43 36 41 5 49 12 18 58 27 52 57 21 48 26 56 17 42 8 0 13 1 55 29 51
36 51 15 14 27 12 2 42 37 28 23 8 35 22 18 33 3 1 17 57 16 21 49 32 26 30 19 29 25 55 13 44 56 10 59 47 24 41
37 21 4 29 42 36 44 23 50 6 15 22 28 5 47 53 12 51 40 20 32 46 59 27 45 3 24 2 7 55 18 48 17 0
38 59 1 7 34 27 33 16 20 45 58 52 56 42 8 30 26 15 44 29 41 39 17 49 19 4 18 48 28 47 25 22 11
39 58 57 41 12 52 31 44 45 14 40 22 53 9 5 32 0 23 33 11 38 21 55 17 18 13 56 4 8 50 54
40 15 32 44 10 1 2 33 53 12 52 39 28 49 54 22 6 24 5 57 56 37 18 48 45 11 46 25 8 21 34 31 43
41 39 42 29 4 59 16 14 28 35 44 43 49 58 12 50 24 53 19 38 31 17 47 30 46 5 3 26 2 36
42 4 27 18 37 36 41 23 7 38 17 54 47 52 46 11 8 3 14 51 35 16 26 6 32 12 44 20 45 19 21
43 58 24 7 35 1 41 21 3 26 59 18 49 46 54 34 50 47 31 16 40
44 13 8 40 0 29 50 30 31 11 37 54 23 39 41 5 15 58 38 9 25 28 32 21 12 19 36 26 42 18 1 45
45 53 32 16 38 49 39 28 47 6 24 15 22 2 40 48 10 55 57 14 37 9 17 4 1 44 42 8
46 10 9 34 1 20 12 11 15 23 58 8 21 52 42 55 18 7 31 37 13 43 41 40 2 28 51 3 0 26 22
47 7 50 6 11 15 2 27 16 21 51 0 42 45 55 58 12 37 33 24 34 56 22 53 32 59 31 28 5 41 38 43 36 1
48 19 5 54 21 7 2 51 59 29 10 56 35 27 22 18 40 17 58 45 30 38 13 34 23 37
49 27 0 26 6 8 13 34 45 35 41 32 15 16 14 4 36 40 28 59 19 38 43 17 51 25 20 57 3 50
50 47 44 3 17 22 28 9 37 6 10 15 41 57 16 53 56 51 14 26 27 43 39 49
51 36 3 8 13 2 11 5 30 48 47 53 42 34 37 0 50 58 22 29 59 49 4 52 46 19 7 35 57
52 14 21 16 2 39 38 25 55 4 10 6 27 40 35 31 42 24 3 46 11 9 18 51 33 34 28 53
53 6 11 25 19 33 27 45 35 4 57 40 16 12 24 41 39 51 37 47 56 50 28 1 9 2 5 20 52 14
54 12 48 1 5 44 55 8 42 18 21 34 22 40 30 0 26 29 43 57 6 10 31 16 39
55 18 31 8 1 27 16 52 23 54 29 17 47 56 4 0 21 22 10 46 3 11 32 39 26 36 13 33 58 45 35 59 37 20 57
56 25 38 18 55 58 48 15 47 33 35 11 59 53 20 40 26 50 39 31 36 8 19 22
57 15 39 4 58 18 6 13 19 53 22 35 36 50 0 17 11 40 29 30 21 54 28 25 49 45 9 5 16 24 51 55
58 39 43 5 6 2 17 57 16 18 38 13 8 0 35 41 46 47 56 28 44 27 10 21 29 25 51 11 48 55 7 19 20
59 38 24 1 3 8 7 27 41 9 5 48 34 11 13 43 26 56 47 49 22 28 37 51 12 16 55 23 36 19
