60
885
0 51 12 23 15 38 26 47 11 43 9 48 22 59 29 46 7 25 32 35 8 19 40 49 21 1 41 10 20 50 27
1 2 18 36 52 33 10 54 48 38 9 29 27 43 58 4 25 42 53 3 7 40 44 57 8 0 31 6 34 12
2 19 47 25 1 57 7 48 23 42 54 12 10 14 22 51 39 16 21 55 44 56 53 38 15 49 27 59 26
3 33 24 15 8 38 46 20 25 11 9 7 34 27 35 58 5 1 32 53 56 31 21 45 26 13 37 59 42 49
4 5 20 47 57 39 16 38 19 18 25 55 9 8 27 6 12 13 53 50 1 52 15 58 51 41 59 26 33 10 31 45 17
5 4 24 34 47 28 54 39 52 59 29 32 50 31 3 26 25 9 33 30 10 23 56 14 11 35 46 21
6 41 38 16 22 27 34 4 50 15 53 12 11 45 13 52 51 47 43 57 46 39 25 55 48 1 26 7 21
7 48 52 45 22 9 38 2 17 37 3 18 28 31 12 35 14 39 0 29 42 23 1 57 58 20 15 47 33 6 54 59 10 8 11
8 59 3 40 24 26 44 50 4 45 15 51 21 42 16 11 37 46 13 29 0 52 53 1 48 25 31 10 7
9 35 30 55 7 17 3 4 41 0 1 28 22 11 19 45 52 47 5 10 54 27 26 12
10 26 13 44 54 1 30 36 33 23 2 43 41 27 16 58 48 50 37 42 49 22 5 9 25 28 45 19 38 0 18 4 46 55 7 8
11 41 56 31 44 3 52 33 45 0 6 9 39 8 20 55 28 16 34 59 57 12 22 30 36 42 37 5 32 14 7
12 0 19 24 7 32 30 16 4 6 58 2 31 53 29 45 28 38 56 37 11 36 35 41 23 48 50 9 59 1
13 56 10 22 49 27 47 15 20 34 36 31 4 39 18 6 24 48 14 57 8 32 51 40 30 33 25 35 3 17 38
14 58 18 57 28 42 25 53 52 17 38 29 7 19 2 26 31 16 13 41 32 30 35 20 23 44 40 5 36 46 15 43 11
15 3 33 23 52 46 28 57 0 17 13 40 44 8 6 30 53 16 24 19 34 18 22 4 59 51 41 56 7 50 14 36 42 2 21 49
16 32 18 4 6 38 57 12 40 49 15 33 10 36 8 14 42 39 2 11 27 26 28 45 24 31 35 44 55 51 20 46 25
17 23 22 9 15 7 27 57 54 24 14 30 58 48 34 38 46 44 29 42 26 28 13 49 39 4 59 56
18 51 14 41 27 16 1 4 23 7 52 34 36 31 25 42 13 43 24 30 22 15 39 57 37 58 59 55 46 10 19 49 20 56 21
19 22 2 55 12 4 33 37 31 51 14 9 20 15 57 58 27 52 0 53 10 24 44 18 46 23 29 21
20 54 43 4 3 55 13 57 35 52 24 27 19 11 22 51 31 38 56 45 49 39 47 25 14 7 0 40 21 48 26 58 16 18 32 42
21 48 52 55 44 29 22 45 58 8 49 50 28 35 46 42 2 51 37 56 23 3 0 47 25 54 20 15 6 5 18 19
22 19 13 17 53 7 34 6 30 42 44 9 21 0 50 47 39 2 25 59 20 57 18 37 10 15 11 29 27 33 31 54
23 34 0 17 15 52 26 25 45 43 18 2 51 36 27 10 46 29 42 35 7 54 5 21 14 53 12 59 31 19
24 3 5 43 33 8 56 44 48 54 26 12 36 51 20 17 45 53 18 13 15 34 16 52 42 58 19 28 49 59 57
25 49 2 3 58 43 23 32 4 55 48 18 14 22 36 1 47 0 34 5 46 41 10 20 13 21 45 6 51 8 38 16
26 10 57 8 56 23 24 40 47 0 33 58 54 14 31 34 5 37 32 39 16 9 3 38 17 4 29 6 44 20 41 55 28 46 2
27 37 58 18 13 56 17 33 6 53 3 4 23 38 49 32 20 28 41 1 10 57 16 19 46 31 51 9 52 22 59 40 30 35 43 39 2 0 45
28 49 51 15 14 5 7 38 41 33 45 32 30 9 27 31 48 52 21 37 11 59 43 12 58 16 10 53 44 24 39 17 54 26
29 36 30 47 35 50 5 1 21 23 14 0 12 58 7 38 8 17 22 53 26 19 55
30 9 53 31 29 44 35 33 22 12 10 49 15 28 36 17 39 47 18 32 5 14 13 11 45 40 58 37 43 38 27 34
31 30 11 56 37 32 7 59 13 18 40 19 28 12 48 5 14 47 26 20 58 27 16 3 38 36 45 22 1 4 23 8 46 33
32 16 47 58 34 25 31 52 12 28 27 36 5 49 37 55 26 3 0 45 57 14 30 13 42 51 50 33 11 20 41
33 3 42 24 15 27 1 19 30 28 11 26 36 10 46 41 16 50 59 5 54 13 49 39 22 4 7 32 44 31
34 23 38 41 32 56 5 47 22 3 13 57 6 18 40 59 26 17 24 15 50 25 11 43 1 36 44 45 30 52
35 9 50 57 39 56 30 20 59 3 55 29 7 23 21 42 0 43 14 16 12 13 54 27 5 44 53 41
36 57 29 55 1 42 23 13 24 18 10 33 30 32 25 16 59 48 50 58 49 12 31 11 14 34 15 54
37 51 27 39 47 55 7 50 31 19 32 26 28 10 54 8 22 18 12 21 30 58 3 11 44
38 43 47 59 3 34 6 4 16 7 42 0 28 55 56 27 1 14 57 20 17 29 12 31 58 2 26 10 30 25 49 13 48
39 59 37 53 49 4 35 5 50 13 44 30 11 7 22 41 16 26 2 18 20 6 33 46 28 40 17 27
40 8 53 51 26 56 15 31 34 16 52 48 42 41 1 55 13 0 30 14 27 20 43 39
41 55 11 6 18 34 28 9 48 27 33 10 51 39 14 25 40 43 49 4 12 15 0 47 26 32 35
42 46 33 58 52 36 38 2 14 22 18 53 8 51 23 7 16 10 1 35 21 40 55 32 24 17 44 11 56 15 3 48 43 20
43 20 38 24 25 46 45 49 54 48 23 58 0 10 1 18 53 44 51 28 6 55 35 34 41 30 40 14 57 27 42
44 53 10 8 52 24 11 30 15 48 22 21 39 43 46 17 1 2 28 14 19 42 26 37 16 33 34 35 56
45 58 7 55 43 23 59 28 8 11 21 24 6 9 12 20 32 57 16 51 49 30 3 25 31 10 4 34 27
46 42 3 43 57 15 55 23 33 0 21 44 8 49 25 17 6 48 27 39 18 14 19 10 5 16 31 26
47 38 4 37 2 32 5 34 13 26 56 29 58 0 54 22 31 30 6 25 51 9 57 55 20 21 7 41 52
48 7 21 54 55 24 43 25 2 1 41 0 44 49 28 31 53 17 50 10 13 40 46 36 8 6 12 20 38 42
49 28 25 39 13 43 30 27 16 55 48 21 32 46 20 10 36 41 45 0 33 24 38 56 18 17 3 2 15
50 55 35 8 37 51 39 6 29 22 5 4 21 48 33 10 34 57 36 56 58 32 15 0 12 59
51 37 18 0 28 56 40 23 50 24 8 19 55 42 6 41 20 43 2 47 21 13 32 45 27 4 15 25 53 16 54
52 7 42 44 23 15 21 1 32 18 11 5 20 40 14 58 28 9 6 4 55 8 19 24 27 34 47
53 44 39 30 22 40 27 54 6 14 15 57 24 42 48 4 43 12 1 8 3 29 28 19 2 23 51 35
54 20 48 59 43 24 5 10 2 1 53 56 17 47 26 37 23 33 9 58 21 35 28 51 7 22 36
55 41 19 50 37 9 48 45 36 25 4 20 46 21 38 35 51 49 32 11 52 43 42 47 40 57 2 6 18 16 10 26 29
56 13 24 26 11 34 31 27 51 35 47 40 38 54 20 12 3 21 50 2 5 15 57 42 49 44 18 17
57 36 26 4 2 14 46 35 15 16 20 17 34 53 38 27 22 13 18 19 6 47 32 50 45 11 58 7 1 55 59 56 43 24
58 14 45 27 42 25 32 43 47 12 26 21 3 1 52 17 10 29 31 19 28 57 18 36 7 54 24 4 38 30 37 50 59 20
59 8 38 39 54 45 31 35 5 34 0 22 36 28 33 11 15 18 57 27 4 58 3 23 24 7 12 50 17 2
