60
885
0 57 47 6 17 41 19 7 36 26 21 2 3 28 45 14 46 20 11 30 44 37 50 22 40 13 10 48 42 23 9
1 42 44 43 24 20 53 37 16 36 32 38 27 4 35 3 11 34 47 2 59 19 8 55
2 43 3 12 19 36 26 31 5 14 0 28 27 20 39 42 38 57 52 22 1 45 29 41 32 59 8
3 59 2 29 51 56 25 40 16 41 19 37 49 0 1 17 28 4 34 55 5 33 11 22 8 26 47 35 38 13 10 50 14 12 39
4 25 46 41 14 26 11 33 1 12 37 50 44 43 3 23 13 40 34 59 7 53 16 32 42 31 51 52
5 35 25 59 44 56 39 8 51 42 20 2 23 27 7 31 6 3 47 29 49 41 9 26 54 50 38 18 24 15 33 58
6 50 29 48 55 45 56 0 10 8 43 20 15 59 32 30 33 21 23 5 25 11 7 26 44
7 40 25 31 10 57 8 32 56 39 15 58 35 0 17 14 9 23 34 28 5 36 42 13 29 48 47 50 11 20 4 45 26 41 6
8 58 49 23 45 29 24 35 20 12 5 21 19 13 6 7 52 56 17 31 15 38 34 40 28 3 26 59 16 44 32 1 2 53
9 47 20 43 33 13 24 37 30 17 26 46 44 57 55 52 22 10 7 11 16 14 40 21 45 38 50 5 36 25 42 0
10 39 7 13 27 6 25 17 16 53 40 44 48 50 33 34 32 12 9 26 29 49 45 22 35 46 59 31 51 30 56 0 3 14 52 37 38 23
11 12 55 36 52 29 4 39 37 42 17 21 50 28 9 30 27 0 32 1 22 19 51 49 13 3 31 35 7 40 6 20 56
12 25 11 2 19 31 8 38 39 23 21 4 15 43 59 10 29 22 47 52 28 37 45 32 13 30 46 44 33 40 3 35 36 58
13 16 58 55 18 10 9 36 15 8 52 32 37 59 21 49 14 45 50 12 4 57 7 47 56 39 11 19 20 28 46 17 26 0 3 41 29
14 48 16 20 59 15 4 31 52 22 17 47 2 57 13 7 26 38 9 0 24 58 37 21 29 10 3 33 44 18 46
15 38 22 53 14 13 59 25 7 6 37 12 18 23 54 49 32 8 44 21 57 43 52 40 39 24 42 55 27 48 5 50 20
16 13 58 14 26 47 1 10 44 21 40 3 23 48 19 38 36 43 9 34 17 56 27 24 39 51 53 29 20 50 30 4 8 52 22 31 59 49
17 36 49 0 10 9 54 39 41 8 14 50 52 25 7 11 48 3 42 28 32 16 24 33 31 51 13 30 57 45 37 55 56 44
18 26 55 13 42 36 46 27 15 48 40 37 58 47 49 45 19 52 29 28 57 22 30 51 5 14
19 2 54 12 29 24 56 8 37 0 3 21 23 16 49 42 30 50 55 40 51 18 11 13 53 41 26 1 27 34
20 9 1 58 14 36 26 24 40 8 55 5 6 51 23 47 28 43 2 35 53 0 13 48 44 32 16 7 11 15
21 47 39 56 43 50 28 59 23 8 34 51 16 49 12 46 19 13 0 27 11 48 6 15 33 9 14 57 37 29 55 31 25
22 33 39 15 53 27 28 14 36 54 42 26 40 9 45 12 52 46 10 11 3 23 18 2 38 0 30 25 47 35 44 37 51 16 56
23 52 8 39 45 56 24 41 21 54 53 12 44 16 31 20 19 15 30 5 27 7 4 40 38 6 47 42 33 22 50 34 43 49 36 10 0
24 1 27 47 44 8 9 20 23 19 36 32 49 43 56 45 33 35 14 17 16 50 15 37 48 53 5 30 28
25 12 5 50 4 7 3 10 58 15 41 17 46 56 44 6 55 22 26 9 48 21 27 39 43 47
26 18 39 16 28 42 20 54 47 2 4 9 45 59 0 22 10 14 29 8 3 27 41 5 49 13 30 7 50 25 19 44 48 6
27 24 57 22 10 37 18 33 29 31 39 1 21 2 58 23 11 5 48 40 16 26 47 35 41 46 32 15 25 49 19
28 40 26 22 21 32 43 53 2 0 20 46 11 3 59 12 7 51 17 57 13 39 38 8 18 56 58 49 48 24
29 6 30 3 19 8 36 11 44 34 27 33 37 35 49 10 12 38 7 26 18 31 16 5 53 14 2 21 42 13 47
30 55 29 57 9 59 31 23 6 19 39 35 41 47 11 54 43 0 12 17 44 18 10 16 22 26 50 53 24 40 38
31 12 7 43 59 14 2 27 23 30 8 37 5 38 48 53 11 29 47 17 10 39 49 21 16 4 57
32 51 50 43 1 13 28 46 24 7 6 52 55 10 15 12 11 48 17 59 37 44 33 20 38 4 2 53 8 27 42
33 22 52 9 44 54 27 4 29 10 40 47 49 6 24 21 36 23 3 17 32 38 12 14 59 48 41 5 45
34 56 54 59 50 29 21 10 57 42 7 3 16 8 1 4 36 23 51 39 19
35 36 5 8 40 49 7 1 29 30 51 20 24 10 57 41 11 3 27 22 12 38
36 35 17 20 11 18 29 1 13 2 24 59 22 54 0 51 16 47 56 33 7 34 38 37 9 57 39 12 23 43
37 38 1 9 27 13 46 11 59 19 15 3 29 41 18 4 31 12 48 42 32 44 14 0 36 21 22 17 10 24 40
38 15 37 53 12 1 51 16 14 23 2 8 29 44 31 49 59 28 32 57 9 22 41 36 3 39 33 5 50 10 30 35
39 22 26 21 53 10 23 40 5 49 12 11 27 17 7 55 2 30 58 13 16 28 15 31 38 36 43 44 3 51 52 25 34
40 28 7 45 56 39 20 51 3 35 10 16 44 55 33 53 18 41 22 19 23 9 58 4 27 8 15 11 0 42 12 37 30 47
41 42 4 23 0 49 3 17 25 44 37 40 30 54 45 35 5 26 38 27 19 2 7 13 33 43 57
42 1 18 26 41 43 5 22 11 49 19 45 34 17 2 7 23 37 46 53 40 48 57 29 15 0 4 50 9 32
43 2 9 1 32 31 21 57 42 6 24 12 28 20 16 4 30 46 15 49 39 23 59 50 41 36 56 25
44 49 1 46 5 33 58 51 24 29 45 10 16 23 48 40 9 41 4 25 15 38 37 56 47 32 57 20 0 12 53 30 52 22 8 14 39 26 6 17
45 57 40 6 53 8 23 44 48 58 26 56 42 13 22 0 24 41 18 12 10 9 7 54 2 17 52 33
46 53 44 4 58 18 59 37 32 21 9 25 28 57 0 22 43 10 12 13 42 51 27 14 54
47 9 21 0 16 58 24 26 14 33 20 30 18 12 36 23 13 44 5 55 31 57 7 3 1 27 48 22 59 49 40 29 25
48 14 6 57 59 10 45 44 16 18 55 50 17 21 58 27 32 37 20 31 7 49 53 47 42 24 0 25 15 33 26 28
49 44 8 17 52 39 57 41 21 24 35 42 13 19 3 15 29 33 10 18 11 55 56 38 43 5 48 26 28 31 47 23 27 16
50 6 32 25 59 21 34 52 51 10 17 19 48 11 4 53 13 7 24 9 0 23 16 5 26 3 38 30 43 42 15
51 32 44 3 40 5 50 21 53 20 38 36 35 28 19 11 16 55 17 10 46 22 18 57 52 59 34 39 4
52 33 23 49 11 50 14 13 8 58 32 17 9 12 22 2 18 56 15 54 55 44 59 10 51 16 39 45 4
53 46 1 39 15 45 22 10 38 23 51 57 40 28 50 55 20 31 19 16 44 29 48 42 4 32 24 30 8 58
54 19 34 33 26 58 23 17 56 22 36 15 57 41 30 52 45 5 46
55 30 18 11 13 6 20 40 39 32 9 48 19 53 3 49 47 51 52 25 57 21 17 15 1
56 34 6 21 5 3 40 23 19 54 7 45 8 24 25 36 13 16 44 49 52 28 10 17 57 22 43 11
57 45 0 48 27 30 43 7 49 53 9 14 34 46 54 2 28 13 15 44 35 47 18 38 21 17 55 36 42 51 56 41 31
58 8 13 16 20 44 47 46 54 45 25 7 52 27 39 18 48 40 14 28 12 5 53
59 3 5 50 34 48 14 31 21 46 30 36 15 37 13 6 26 12 28 32 4 38 10 8 52 1 47 43 51 33 2 16
