60
1593
0 8 35 31 7 37 43 4 41 23 50 25 1 12 2 52 49 51 18 27 33 38 15 40 45 30 20 58 16 17 54 46 5 21 34 56 28 22 47 19 36 24 53 59 39 48 13 42 10 29 11 44 32 6 57
1 23 9 10 27 55 57 54 17 15 26 37 25 44 0 18 42 31 3 13 22 8 49 34 52 56 21 36 19 6 24 40 12 33 51 45 41 2 43 53 16 30 38 39 11 14 47 29 28 58 4 7 50 48 5 20
2 12 15 32 6 34 35 58 54 29 7 44 3 39 33 50 17 38 0 10 57 49 22 19 28 8 11 9 40 14 45 21 41 43 36 1 37 5 42 13 25 30 31 48 24 27 53 26 16 20 23 55
3 21 58 51 28 4 40 26 49 39 30 43 53 55 47 12 2 32 18 59 14 7 45 1 41 50 31 34 27 38 16 56 57 19 29 15 25 36 22 6 11 5 54 20 33 10 37 42 48 17 44 52 23 8
4 45 53 3 6 43 27 56 0 52 41 12 11 7 20 28 14 37 50 42 57 17 31 35 36 58 34 8 39 59 24 9 19 40 51 15 49 38 26 21 33 47 16 25 23 13 5 1 55 44 54 32 46 22 18
5 29 28 55 8 43 52 50 17 47 12 48 37 19 23 16 24 39 35 14 46 53 32 18 7 31 57 20 42 22 56 0 9 44 38 2 25 15 10 51 21 6 13 3 4 26 36 34 49 45 30 41 59 1
6 7 15 25 28 2 20 54 47 4 31 30 44 59 57 14 39 17 33 34 58 48 46 38 37 36 11 22 42 8 45 49 1 55 26 21 35 27 19 40 16 52 41 12 3 51 23 50 5 56 9 32 18 53 0
7 6 52 34 0 17 54 2 33 4 59 10 25 22 12 38 19 23 24 26 3 36 44 5 16 53 14 50 55 31 11 45 58 15 21 42 30 28 37 18 47 48 40 8 1 27 43 29 9 35 13 41 39 49 56
8 23 0 56 5 33 15 20 41 35 32 28 25 48 40 54 16 39 21 37 22 27 51 1 38 4 58 50 57 2 12 45 6 13 10 9 31 36 52 11 30 17 42 44 43 26 49 7 47 14 55 18 59 53 3 24
9 12 20 14 1 33 58 47 24 48 10 39 21 49 19 38 18 15 52 11 56 16 46 53 43 41 44 26 59 36 23 4 2 55 50 32 8 5 35 40 45 51 54 28 6 29 7 37 30 25 22 31 17 42
10 13 50 1 14 11 9 57 55 26 7 47 30 38 20 24 27 59 56 12 33 22 54 43 42 37 58 2 21 28 48 15 31 16 19 23 34 51 8 35 32 17 5 40 3 36 46 41 52 29 49 0 45 18 53 44
11 43 55 10 50 4 16 32 23 35 21 49 59 53 29 9 41 36 44 22 33 51 14 27 42 6 45 57 17 40 13 2 7 52 15 38 8 3 39 25 1 26 12 28 31 46 37 47 0 48 54 56
12 9 43 2 22 50 15 23 45 55 4 5 3 31 53 36 14 59 25 7 13 41 10 54 0 52 29 44 49 58 17 28 21 8 27 40 30 1 38 46 42 57 37 6 33 32 34 11 19 16 39 56 18 26 48 20 51
13 10 22 23 41 19 24 46 29 43 17 32 52 58 51 36 35 12 39 1 48 53 26 50 11 16 33 15 18 40 31 57 8 20 28 21 34 4 38 2 5 55 44 59 54 14 42 49 0 27 7 56 37
14 9 10 28 45 6 27 12 43 39 3 4 31 30 53 11 5 17 32 48 15 22 18 7 58 2 44 25 50 21 47 55 57 24 23 19 38 52 1 16 34 36 13 40 33 8 20 49 51 42 54 46 37 35
15 6 53 21 2 12 58 8 34 25 27 17 26 48 1 9 44 24 47 46 45 41 19 38 40 31 0 33 14 42 57 37 13 52 10 59 54 7 4 50 43 28 3 11 36 22 5 16 23 32 30 56 39 35 29 49 18
16 57 49 21 45 25 40 36 18 11 22 59 30 51 8 35 9 5 50 37 47 54 43 53 32 7 20 55 13 3 0 29 10 27 46 17 24 28 42 6 4 56 38 15 1 26 23 14 12 33 48 2 44
17 40 57 5 7 6 13 15 46 18 30 1 39 33 20 38 48 2 43 49 29 32 4 55 14 27 58 47 11 12 31 51 23 37 24 19 35 0 41 16 45 44 52 56 36 42 10 8 34 28 26 50 3 53 22 9 21
18 39 44 34 46 28 23 16 45 30 33 17 42 9 26 3 22 1 53 58 5 51 50 0 24 59 27 25 37 52 48 14 13 41 20 29 49 43 55 36 32 54 7 31 57 19 8 12 38 6 10 4 47 15
19 51 13 52 47 39 9 36 7 27 34 5 22 46 15 31 29 42 37 33 2 17 30 24 1 4 10 3 54 44 38 23 6 56 57 0 43 49 48 14 55 18 12 59 40 35 41 53 32
20 9 23 57 6 28 45 49 46 44 47 32 25 59 8 10 17 4 50 22 53 54 21 51 58 34 16 56 27 5 39 24 35 0 42 13 18 43 31 52 26 48 36 38 3 33 55 29 40 14 37 2 41 12 1
21 3 38 15 39 16 50 24 37 45 33 28 9 57 54 59 11 48 41 53 23 40 56 42 44 27 8 20 58 32 10 35 1 12 55 34 31 2 7 6 0 26 13 14 4 25 46 5 29 49 51 22 47 17
22 49 35 12 13 26 30 37 36 45 50 16 7 58 25 18 47 10 19 20 11 53 34 48 8 40 38 1 27 6 24 14 2 31 57 43 46 5 59 42 28 15 0 3 55 52 23 21 4 17 9 33 39 56 44
23 1 58 20 8 13 53 12 18 38 0 55 11 29 45 24 21 32 34 5 7 43 51 49 39 17 27 35 25 50 9 47 56 37 26 10 40 52 19 31 48 59 4 6 30 57 28 14 15 16 44 41 22 33 54 3 2
24 13 9 21 29 35 38 45 53 10 47 23 15 56 50 7 5 49 32 18 22 59 57 25 55 20 27 17 42 4 19 1 16 41 46 39 51 30 43 34 14 0 40 2 54 44 48 33 36 37 58 52 26 31 8
25 6 48 38 27 16 15 20 41 44 52 50 7 8 12 0 47 49 22 1 33 30 51 29 45 28 32 24 59 18 40 23 53 58 31 36 35 14 34 21 3 5 4 54 2 11 57 55 9 43 46
26 54 36 55 45 22 37 3 28 58 15 10 27 42 18 46 34 1 7 30 57 39 38 53 41 13 43 35 9 47 29 49 23 6 32 21 52 4 50 20 56 51 33 16 5 8 11 17 59 31 44 2 12 24 48
27 58 25 50 1 32 4 15 14 30 26 10 19 36 21 54 43 44 11 8 17 22 0 39 49 34 20 55 18 45 23 3 56 52 24 29 33 31 12 40 16 42 57 51 6 35 47 48 28 53 2 7 38 13 37 59
28 5 6 3 20 30 26 14 18 21 43 8 31 42 44 49 4 45 59 55 25 47 48 34 38 12 33 29 58 10 2 40 32 16 46 15 13 39 22 36 0 54 7 53 17 41 37 23 9 27 1 50 52 11
29 5 13 49 24 2 39 46 52 47 23 11 42 17 51 59 36 53 31 25 19 12 58 45 28 27 44 37 35 40 33 26 16 3 18 30 55 32 43 21 57 48 56 1 9 20 38 7 10 15 0 50 41
30 22 28 6 50 58 57 3 18 27 17 49 41 16 10 43 25 14 26 33 53 56 37 46 0 39 40 19 36 59 38 12 45 29 31 24 7 8 55 32 23 1 2 34 15 48 42 52 5 9 35
31 34 0 57 6 47 12 28 32 45 46 14 1 4 40 29 19 5 15 3 17 51 53 22 13 7 25 27 41 10 21 35 20 8 23 30 44 55 18 39 2 54 26 37 11 43 48 9 52 24 50
32 34 2 37 27 44 20 13 50 11 3 8 49 23 47 31 17 5 55 24 39 16 14 25 21 52 45 59 36 26 35 28 9 54 10 57 42 18 29 30 12 53 43 56 15 38 6 51 4 46 0 40 33 19 58
33 9 47 44 8 21 7 18 6 17 2 25 10 39 11 30 0 59 37 15 52 28 48 50 13 19 27 29 43 54 1 41 40 42 38 4 12 26 53 51 3 20 46 14 24 56 23 16 58 36 49 55 57 22 32 45
34 32 7 31 2 18 15 52 6 38 56 44 26 19 57 23 22 53 35 49 20 4 27 28 3 42 51 1 21 10 25 0 24 37 48 13 17 46 59 30 45 50 12 47 5 14 40 36 43 54
35 39 22 0 47 2 37 52 24 11 8 42 51 13 16 57 34 5 4 53 26 21 59 20 23 48 29 17 38 56 46 25 32 31 6 10 27 44 41 9 36 54 19 50 15 58 45 40 7 30 43 14
36 26 55 16 22 43 12 19 13 57 27 37 11 45 7 29 42 4 6 53 44 40 1 9 52 54 30 25 32 56 2 41 59 8 17 28 15 46 3 18 20 0 48 50 5 14 10 34 38 35 47 58 24 33
37 49 41 52 32 0 22 35 26 21 39 44 54 51 1 5 36 4 8 16 6 10 33 38 30 18 19 15 17 48 29 53 42 40 23 56 46 2 34 7 12 55 28 58 3 31 59 11 9 50 20 24 27 47 13 14 45
38 21 53 25 40 23 9 24 42 48 10 51 34 17 7 2 6 52 22 15 26 0 8 28 37 46 3 47 49 35 30 41 43 59 12 19 4 5 33 11 16 44 20 13 45 1 14 32 54 39 36 29 50 55 27 18 56 58 57
39 21 35 18 40 37 3 9 6 29 19 48 17 2 14 47 33 13 5 8 56 26 32 27 23 20 58 4 30 54 59 43 24 28 51 11 31 1 41 44 0 38 12 15 57 42 22 7 46
40 17 49 39 3 59 16 50 45 38 43 55 8 58 21 54 47 31 56 22 15 11 36 41 0 25 30 13 29 28 4 37 2 12 27 57 23 1 52 53 33 48 6 51 9 24 10 44 34 7 14 19 20 35 32 46
41 37 48 45 13 4 25 0 51 52 8 30 21 11 12 15 54 3 58 42 9 26 56 40 43 18 31 17 38 24 2 33 36 1 35 6 44 55 28 39 23 10 50 59 5 19 46 20 29 7 53 49
42 51 18 50 38 26 35 54 28 29 53 47 21 4 44 1 36 10 43 11 41 48 34 6 52 5 19 15 55 24 20 37 22 27 58 7 12 17 33 16 32 56 2 8 30 49 46 3 13 57 59 0 14 9 39 45
43 12 11 52 55 46 59 5 4 0 56 13 3 40 36 28 14 53 30 17 51 10 27 16 9 23 42 26 50 47 41 44 22 33 39 20 38 15 18 2 1 24 19 29 8 54 58 32 7 31 57 34 25 35 45
44 33 18 20 6 32 2 37 25 48 34 15 28 1 11 42 21 56 27 7 12 36 54 9 49 43 29 52 50 14 17 19 59 51 5 35 31 53 41 38 8 40 13 23 39 24 55 26 4 47 16 3 57 0 22 45 10
45 16 4 41 26 20 21 14 12 40 18 22 50 24 59 23 31 28 36 48 15 3 25 56 11 29 27 0 32 8 6 2 57 17 7 1 30 58 51 55 52 9 38 34 5 54 35 10 33 42 37 43 44
46 43 13 59 20 18 51 29 17 26 31 15 9 19 6 5 54 30 38 22 55 35 16 24 0 47 28 37 12 36 21 34 49 56 33 10 42 52 50 11 4 32 58 14 41 53 40 48 25 39
47 35 33 9 58 59 6 5 20 31 19 3 29 10 24 53 25 56 32 15 42 55 22 39 40 57 50 16 28 17 43 38 26 51 23 52 46 27 4 14 0 7 34 1 8 36 44 11 21 37 48 54 49 18
48 25 41 9 39 44 15 38 8 21 17 49 5 45 55 6 22 53 13 28 42 14 33 18 37 35 58 10 52 57 23 40 54 27 20 34 50 19 29 2 36 7 30 24 0 16 3 1 31 11 47 12 26 46
49 37 16 22 59 40 29 20 3 55 9 30 11 32 25 28 48 17 56 34 24 0 12 23 2 27 1 44 38 6 54 52 26 4 18 58 57 19 51 46 8 21 42 5 13 33 50 10 14 53 15 47 7 41
50 10 12 27 21 5 30 40 11 32 45 22 42 25 0 58 2 20 24 4 16 55 47 18 56 3 51 43 13 52 33 8 7 23 54 9 44 15 57 14 26 48 6 59 53 34 36 28 41 38 46 49 35 17 37 1 29 31
51 19 42 3 46 41 13 56 38 35 16 37 29 43 53 11 25 20 0 8 18 23 50 34 17 31 47 59 4 10 27 1 24 44 52 45 40 5 6 39 9 26 33 49 58 21 57 32 14 12
52 7 37 43 19 5 4 35 13 25 34 41 29 9 12 38 0 58 33 50 42 1 18 32 27 44 36 15 48 54 49 57 47 11 40 17 23 53 20 8 26 59 51 6 45 22 14 30 28 46 10 3 24 31 56
53 15 38 4 23 3 12 24 47 11 42 21 43 18 22 34 14 51 20 29 48 5 9 35 30 13 36 16 55 7 26 31 25 37 40 54 52 56 44 1 28 50 33 27 32 2 0 57 8 49 59 6 17 46 58 19 41 10
54 26 6 2 59 7 1 21 37 56 8 42 40 12 10 27 41 20 16 46 57 44 55 36 39 49 52 50 0 19 15 33 53 32 48 28 25 18 9 43 3 31 13 24 38 58 35 4 45 23 14 11 34 47
55 56 5 26 43 36 11 1 10 12 49 23 3 40 59 47 48 50 17 28 32 57 53 24 27 16 42 54 21 7 46 6 9 58 18 45 31 29 22 41 37 14 30 13 19 25 20 44 4 38 8 33 2
56 55 8 4 43 54 51 34 10 47 9 21 24 49 44 40 39 30 50 45 20 41 27 1 58 3 23 35 36 37 5 17 0 53 26 19 16 42 6 29 46 32 15 33 12 38 13 11 22 7 52
57 16 20 17 31 10 30 1 6 21 36 35 34 4 47 26 55 5 2 24 11 54 15 8 22 13 3 52 48 40 45 27 49 50 32 12 19 59 14 58 23 29 18 25 53 42 39 51 43 33 44 38 0
58 23 3 9 27 47 15 2 30 59 26 13 6 22 50 40 18 41 10 21 4 17 29 52 20 12 39 8 56 28 48 0 25 14 7 55 49 42 45 57 43 37 1 54 51 36 33 35 46 24 53 38 32
59 49 47 43 46 40 58 54 6 20 7 21 16 45 12 55 11 10 3 29 28 33 24 18 25 9 35 4 51 32 30 39 15 22 38 44 36 52 23 57 50 34 13 0 26 19 37 42 41 8 53 5 27
