60
177
0 52 32 34 16 49 4 13 9
1 51 36
2 55 13 41 18 9 40 38 44 56
3 36 41 48 56 57 46
4 53 0 33 10
5 14 55 6 7 38 13 28 17
6 22 15 5 58 7
7 28 50 27 17 37 6 5
8 24 54 30 36 33 32 39 52 21 27 25
9 32 55 47 2 34 49 0
10 45 23 17 21 34 19 4
11 42 59 55 21 48
12 21 28 22 56 30 15
13 2 14 21 27 42 5 0 33
14 52 5 13 57
15 45 43 39 41 6 28 12 50
16 59 0 30 37 26 33 49
17 7 54 48 10 34 30 24 5
18 51 52 26 35 2 55 57 21 31
19 10
20 36 52 58 57 54 41
21 12 23 13 11 10 18 8
22 43 49 6 27 12
23 21 34 31 10 53 58
24 8 39 37 17 28
25 57 8
26 57 18 48 54 32 16
27 7 22 13 54 44 8 55
28 58 7 40 12 15 31 24 5 52
29 53 39 30 41
30 8 45 16 17 29 12 57
31 23 28 18
32 9 0 47 8 26
33 8 38 4 16 34 13
34 0 23 46 54 9 17 10 55 33 48
35 41 18 53
36 58 20 3 8 43 1
37 58 41 7 16 24 43
38 33 2 5
39 24 15 29 40 8
40 28 43 39 2
41 35 57 3 15 2 37 44 29 20
42 11 52 44 13
43 22 15 36 40 37
44 42 41 54 27 2
45 15 30 10 46
46 34 45 57 59 3
47 32 9
48 17 3 26 11 34
49 22 58 0 9 50 56 16
50 7 49 15 51 52
51 18 1 50
52 0 18 14 20 42 8 28 50
53 4 29 54 23 35
54 8 34 17 53 27 26 57 44 20
55 2 5 9 11 18 34 27
56 3 12 49 2
57 41 26 58 3 18 20 54 46 25 30 14
58 36 28 37 49 20 57 6 23
59 16 11 46
