60
177
0 50 56 58 38 41 5 49 25 4 46 59
1 25 18 55 21 46 43 40 4
2 27 58 33 22 36 30 11 12 54
3 53 45 15 39 14 42 25 23
4 16 43 45 29 56 20 24 14 53 0 42 30 5 1
5 44 38 41 14 31 58 0 4
6 22 19 9 52 41 25
7 59 58 57 49 33
8 43 37 59
9 6 15 35 11 12
10 32 27 40 39 13 55 59 30
11 46 9 2 34 27
12 49 35 55 9 2 42 30 40
13 52 34 10
14 5 4 45 3 27 36 16 57
15 34 9 3 49 36 30 19
16 4 43 52 14
17 41 22 39 38 23 55
18 1 28 49
19 39 58 6 43 59 24 15
20 28 31 4 32
21 38 32 23 1 48 35
22 40 6 17 45 33 47 59 2 26
23 21 37 24 46 17 3
24 29 44 45 4 23 33 19
25 1 54 0 6 3 44
26 22 39 44 33
27 2 10 14 11
28 30 44 20 18 41
29 24 4 56 36
30 28 41 2 15 4 52 10 12
31 47 5 20 32 42 33
32 21 10 31 48 20
33 43 22 2 46 24 53 26 31 7
34 54 15 46 59 13 56 11 49
35 12 9 49 21
36 2 55 15 29 14
37 23 8
38 21 5 0 17
39 19 58 3 17 10 26
40 22 10 1 12
41 17 5 30 0 28 6
42 53 45 3 31 12 4
43 33 16 4 8 19 1
44 5 28 24 50 26 25
45 59 46 3 22 4 24 56 42 14
46 45 34 11 1 33 23 0
47 31 22
48 21 32 58
49 12 15 0 18 35 34 7
50 0 44
51 59
52 58 13 56 6 16 57 30
53 3 42 55 4 33
54 34 25 2
55 1 12 53 36 10 17
56 0 4 29 52 45 34
57 52 7 14
58 2 7 19 0 52 5 39 48
59 45 7 34 22 51 19 10 8 0
