60
177
0 54 42 9 1 59 8 30
1 20 45 5 52 49 0 24 23 21 41 28 55 2
2 18 25 3 31 26 55 1
3 47 45 2 14 17 42 56
4 57 33 23 39
5 31 45 1 13 15 57
6 31 52 14 51
7 45 40 38 28 21
8 58 26 16 55 0 29 9
9 46 0 29 8
10 24 54 29 49 38 28 31 25 17
11 43
12 32 28 52 29 14 58 25 44 37 46
13 27 51 5 14 49 54 53 47
14 48 18 13 3 12 23 6
15 23 36 50 5 38
16 55 21 44 8 51
17 54 39 57 36 46 3 49 10
18 2 14 48
19 53 52 25 22 39
20 1 47 59
21 16 50 27 1 7
22 58 39 54 41 19
23 53 15 1 14 4 31
24 10 41 1 35
25 41 31 2 12 39 50 19 10 48
26 37 8 59 27 2
27 13 26 31 21 30
28 12 54 49 31 10 7 1 44
29 38 57 54 40 10 12 47 37 49 8 9 34
30 27 0
31 5 35 25 27 6 28 52 2 55 51 10 56 23
32 40 12 59 46 54
33 4 40
34 29
35 31 38 39 24 49 47
36 17 39 15 56
37 26 29 53 58 39 12
38 41 29 54 35 39 10 7 15
39 17 22 38 36 35 40 25 37 49 4 19
40 32 29 7 33 39
41 38 25 24 22 1 50
42 44 0 3
43 51 11
44 42 16 12 28
45 5 50 1 7 3 55
46 9 32 17 12
47 54 55 3 29 20 13 35
48 14 18 25
49 28 1 10 13 55 29 35 39 53 17
50 45 21 58 55 15 25 41
51 13 16 31 43 6
52 1 12 19 57 31 6
53 19 23 37 13 49
54 47 38 0 10 17 29 28 22 32 13
55 16 47 50 49 31 8 2 1 45
56 3 36 31
57 29 17 4 52 5
58 22 8 50 12 37
59 26 32 0 20
