60
177
0 8 35 31 7 37 43 4
1 23 9 10 27 55
2 12 15 32 6 34 35 58 54
3 21 58 51 28 4 40 26 49 39
4 45 53 3 6 43 27 56 0 52
5 29 28 55 8 43 52 50 17
6 7 15 25 28 2 20 54 47 4 31 30 44
7 6 52 34 0 17
8 23 0 56 5 33 15
9 12 20 14 1 33 58 47 24 48 10
10 13 50 1 14 11 9 57 55
11 43 55 10
12 9 43 2 22 50 15 23
13 10 22 23 41 19 24 46 29
14 9 10 28
15 6 53 21 2 12 58 8
16 57 49 21 45 25 40
17 40 57 5 7
18 39 44 34 46
19 51 13 52
20 9 23 57 6 28 45 49 46 44
21 3 38 15 39 16 50 24 37 45
22 49 35 12 13 26 30 37
23 1 58 20 8 13 53 12
24 13 9 21 29
25 6 48 38 27 16
26 54 36 55 45 22 37 3 28
27 58 25 50 1 32 4
28 5 6 3 20 30 26 14
29 5 13 49 24
30 22 28 6 50 58
31 34 0 57 6
32 34 2 37 27
33 9 47 44 8
34 32 7 31 2 18
35 39 22 0 47 2 37 52
36 26 55
37 49 41 52 32 0 22 35 26 21 39
38 21 53 25
39 21 35 18 40 37 3
40 17 49 39 3 59 16
41 37 48 45 13
42 51
43 12 11 52 55 46 59 5 4 0 56
44 33 18 20 6
45 16 4 41 26 20 21
46 43 13 59 20 18
47 35 33 9 58 59 6
48 25 41 9
49 37 16 22 59 40 29 20 3
50 10 12 27 21 5 30
51 19 42 3
52 7 37 43 19 5 4 35
53 15 38 4 23
54 26 6 2
55 56 5 26 43 36 11 1 10
56 55 8 4 43
57 16 20 17 31 10
58 23 3 9 27 47 15 2 30
59 49 47 43 46 40
