60
1593
0 15 13 43 18 50 41 40 46 20 39 34 51 31 45 16 1 30 36 28 24 53 44 47 49 59 5 9 22 2 26 3 55 17 11 10 29 48 6 42 54 27 21 12 8 33 37 4 23 38 19 25 56 32 57
1 49 14 28 45 37 38 57 47 23 42 6 31 34 33 39 40 11 4 9 17 19 0 36 15 35 24 27 41 16 30 7 2 43 50 21 48 18 46 55 44 12 25 8 5 22 29 52 26 32 59 51 56 13 53
2 50 34 32 36 43 37 10 53 42 12 35 26 54 45 33 47 39 48 27 58 8 6 7 41 28 46 0 25 49 1 52 29 44 5 14 17 23 3 51 24 20 15 11 55 38 56 4 57 21 59 40 13
3 55 7 28 14 29 39 9 44 20 16 53 45 40 50 10 41 26 33 23 19 15 58 59 5 48 8 21 17 37 47 35 0 13 57 52 2 11 32 34 42 30 24 54 27 43 12 49 4 46 18 51 22 25 31 38 36 56
4 47 19 59 30 49 11 18 7 37 50 41 52 39 32 15 24 53 46 1 55 51 42 9 12 54 6 36 58 43 34 45 21 14 22 48 38 13 17 20 44 56 28 29 0 31 27 3 33 2 25 26
5 25 47 41 16 54 56 23 43 14 37 6 38 24 21 59 27 18 49 15 26 12 7 33 22 30 50 3 13 28 57 9 0 2 52 58 34 55 40 35 1 29 42 11 10 20 53 51 32 31 48 8 39 17 44 46
6 39 35 47 43 49 56 5 23 11 32 1 53 24 7 52 14 4 13 42 18 44 2 34 29 54 51 36 33 17 48 31 16 25 10 0 9 8 59 46 27 58 38 41 45 57 40 22 30 37 26 50
7 44 19 3 54 37 17 4 18 40 20 27 51 47 42 31 45 48 50 23 22 5 6 41 25 59 38 24 34 8 2 30 1 11 58 39 15 14 33 53 13 49 32 29 16 10 46 35 43 12 57 36 26 28 56
8 55 40 22 28 43 29 25 27 49 53 52 58 30 54 15 36 32 37 20 35 9 14 2 7 24 3 34 16 57 6 33 56 1 0 42 46 11 45 10 13 38 41 19 5 44 23 59 47 18 39
9 31 29 56 14 43 3 15 24 18 37 55 22 40 59 20 33 57 28 50 39 26 46 44 1 4 8 11 16 23 35 47 38 13 49 5 48 0 42 53 51 6 17 41 12 21 58 19 30 54 36 10
10 52 25 50 37 53 21 39 20 58 2 33 51 59 16 34 3 12 26 24 15 18 49 31 55 17 42 29 22 0 6 44 14 40 54 57 46 28 47 7 5 45 8 38 32 56 43 27 36 35 11 23 9 30 41
11 47 18 20 4 40 33 26 25 27 32 6 51 45 49 43 56 34 39 53 21 36 30 1 58 42 22 57 16 50 46 9 54 23 41 19 38 31 12 37 7 0 52 13 3 44 17 8 5 2 24 59 48 10 28
12 47 17 59 19 26 30 2 5 13 25 24 36 10 41 31 4 46 43 16 48 40 56 51 23 39 57 11 42 29 34 38 15 33 49 54 1 0 9 18 20 3 27 7 45 37 58 21 35
13 0 20 30 16 26 44 39 42 27 54 12 15 50 21 31 40 6 28 29 57 23 41 25 9 5 14 48 53 4 35 49 24 33 52 3 11 56 45 17 59 47 7 51 8 38 19 32 18 1 43 22 46 36 55 2
14 47 55 1 3 9 30 22 32 26 51 49 5 37 25 44 42 15 46 29 40 18 56 58 6 43 34 48 20 24 57 41 8 36 4 54 13 27 28 16 21 31 2 35 38 10 7 59 45 17 19 23 50
15 0 49 45 41 55 27 9 43 51 47 16 14 5 4 18 8 13 53 42 37 10 25 28 1 24 26 56 3 22 46 59 29 17 30 12 23 48 31 57 7 38 19 2 50 33 58 35 21 36 54 39 44
16 30 39 33 5 43 13 56 19 25 24 27 18 3 32 42 15 53 37 10 50 44 54 55 51 12 11 45 0 59 9 52 38 20 47 1 17 40 14 6 29 46 8 57 28 26 34 7 31 22 35 49 23 48
17 51 25 44 12 32 52 40 7 41 59 22 58 23 34 57 21 42 18 1 53 48 47 37 38 33 56 35 10 3 6 16 27 15 49 4 26 20 0 30 2 13 9 43 24 11 55 29 14 36 5 54 19 39
18 29 11 0 54 4 41 52 9 32 7 24 38 16 59 44 57 30 20 5 50 56 15 21 14 17 36 31 40 25 37 43 10 42 46 6 55 48 58 22 34 53 1 27 33 19 45 12 51 3 39 13 35 8
19 4 7 49 20 53 12 16 59 30 41 24 37 45 46 38 51 48 1 36 26 43 50 3 40 11 23 55 47 29 25 33 42 34 22 54 21 18 15 44 9 0 13 57 8 27 14 31 35 28 17 58
20 52 13 11 19 0 10 56 3 24 9 43 18 7 42 27 8 55 50 46 14 59 54 28 29 47 31 16 45 44 40 30 17 57 4 35 33 21 34 49 12 2 58 23 5 53 32 48 51 41 38 36 25
21 51 49 10 42 5 50 31 23 18 17 52 11 39 13 34 32 33 26 36 46 59 4 3 40 45 54 58 1 24 14 28 20 19 0 9 47 56 48 37 22 44 43 30 15 2 57 12 35
22 56 25 14 8 49 9 17 32 23 40 50 54 7 36 24 11 5 35 29 58 59 34 45 28 15 18 33 4 0 52 48 19 10 26 38 39 27 37 31 1 16 51 3 6 21 42 41 13 53 57
23 51 5 50 6 34 1 17 59 35 22 45 58 21 7 48 37 42 3 9 13 53 30 56 12 11 49 36 19 39 55 38 44 32 52 46 15 24 2 40 33 26 29 0 20 43 54 27 8 28 14 16 10
24 36 47 39 54 37 9 34 43 26 16 18 5 20 19 4 12 6 32 22 10 33 14 53 25 41 58 51 52 7 15 0 1 31 27 8 42 59 45 49 21 13 57 29 30 23 28 3 2 17 38 46 11 56 40 35 50 48
25 5 17 10 34 22 35 11 58 59 8 48 16 57 14 12 27 47 18 44 39 42 15 24 7 13 32 29 31 19 41 2 6 45 55 30 1 49 50 56 33 52 37 40 0 26 54 3 28 4 20 38
26 40 59 11 58 53 50 14 56 13 24 12 28 43 39 5 9 2 51 32 57 10 46 29 19 3 15 55 36 49 35 21 42 0 17 22 27 30 23 31 41 48 16 44 1 45 47 52 25 54 7 6 4 38
27 15 55 54 11 32 29 42 8 16 48 5 7 41 20 13 56 25 53 43 2 31 44 1 24 30 14 34 52 17 49 26 50 58 22 6 39 0 18 45 37 47 59 3 28 4 12 40 57 23 19 38 10 46 35
28 33 3 44 53 8 1 58 42 38 26 9 37 31 41 32 29 34 48 13 15 50 20 0 22 36 5 2 14 59 21 57 47 49 24 39 16 51 54 4 30 40 52 27 45 10 43 23 35 25 19 55 11 7 46
29 18 9 41 31 3 30 27 53 8 34 42 14 55 28 56 26 22 13 20 48 32 45 40 6 25 19 15 37 57 12 47 44 52 10 16 39 0 2 24 38 51 36 59 58 50 23 4 43 46 5 1 7 49 17 54 35
30 16 4 13 29 14 55 37 36 19 12 18 51 32 39 8 11 5 0 23 45 57 34 44 42 27 7 1 58 20 50 56 43 15 53 24 17 26 54 46 3 38 25 28 35 31 52 47 59 9 21 6 10 40
31 9 29 38 36 55 32 21 44 1 41 7 28 18 42 13 0 12 50 10 56 45 27 46 20 37 25 24 33 11 51 6 47 48 53 14 43 15 26 58 35 22 59 4 16 30 40 5 19 3 54 34 57
32 17 2 14 27 57 18 34 11 36 16 54 4 6 31 30 22 51 28 24 8 55 26 35 43 21 53 50 29 48 25 58 38 45 44 42 40 23 46 49 3 52 37 7 1 41 47 5 20 13 10 56 59 39 0 33
33 38 28 43 39 16 11 52 46 35 10 9 45 1 50 5 2 24 3 21 56 17 57 40 36 48 31 22 19 6 13 20 58 37 8 23 12 18 49 0 7 42 34 4 25 15 54 59 55 32 47 53
34 2 25 24 38 32 23 29 44 17 43 1 0 11 10 45 28 14 36 58 42 41 21 50 22 30 39 6 7 4 18 46 8 27 54 19 59 12 52 5 55 20 47 3 49 53 16 51 33 48 57 35 56 31
35 6 48 40 25 36 37 39 33 23 55 2 57 45 8 32 22 53 42 9 50 1 26 44 17 46 13 59 3 20 58 14 56 31 30 5 52 49 16 29 7 34 43 41 15 47 28 18 10 24 19 12 21 38 27
36 51 24 52 2 31 35 30 32 49 43 37 55 18 11 8 22 12 39 34 19 4 1 0 23 28 26 48 14 21 33 6 54 38 29 58 57 42 45 46 41 40 17 53 50 7 9 10 56 15 47 44 20 13 3
37 57 7 24 10 4 30 9 2 35 48 5 1 14 38 41 19 47 16 56 52 44 28 36 51 49 8 18 53 23 50 15 54 46 17 59 31 29 3 45 11 33 32 42 27 22 0 25 21 39 58 43 40 12 6
38 33 31 59 5 37 34 1 18 28 58 56 19 54 53 40 55 7 42 17 47 51 52 39 11 16 9 32 23 57 4 46 22 12 29 14 36 30 15 24 48 6 0 10 8 13 2 49 50 27 20 43 3 44 45 35 25 26
39 6 47 33 16 56 24 3 10 4 35 0 51 13 30 26 50 9 11 1 57 43 21 36 40 2 25 41 58 38 49 34 23 12 48 29 22 46 7 28 27 42 44 37 18 55 32 52 5 54 59 15 8 17
40 26 35 11 17 8 0 7 9 22 3 14 18 57 1 42 13 38 39 49 41 12 51 19 33 29 21 32 16 20 23 10 58 55 28 5 59 27 6 36 25 47 31 37 44 45 24 2 53 54 30
41 29 5 15 0 18 17 4 37 19 27 31 28 43 49 52 7 12 40 3 56 34 14 24 55 51 13 39 11 1 2 42 25 50 59 45 26 9 57 47 6 36 32 8 53 35 20 22 58 44 54 10
42 50 21 49 27 1 2 48 14 29 16 28 20 13 7 17 40 11 31 4 15 58 25 53 23 18 34 35 6 46 38 24 41 30 26 19 32 12 51 10 9 54 43 0 3 37 8 56 36 33 5 39 44 52 22 57 55 45 47
43 0 33 59 9 6 16 2 15 24 5 50 8 56 20 11 49 36 26 34 41 39 57 27 14 47 18 32 54 12 44 19 53 58 4 55 1 52 30 31 42 17 29 3 23 51 28 37 35 7 10 21 13 38 48 46
44 7 17 56 28 54 49 3 13 50 18 34 14 45 55 31 37 16 52 9 25 43 6 0 27 35 30 58 23 32 20 29 46 51 4 2 10 11 1 26 19 39 8 42 21 40 5 38 36 47 53 41 15
45 15 1 44 11 3 23 7 19 33 49 34 2 35 0 16 30 29 22 31 56 4 20 53 32 24 21 54 58 37 52 25 57 41 13 27 51 18 46 50 28 36 6 8 14 26 10 12 40 38 47 59 42 55
46 59 53 33 0 14 19 4 47 54 9 26 20 12 11 18 37 42 15 31 21 57 34 2 32 35 23 44 38 16 39 1 6 30 55 45 8 29 24 10 36 56 3 7 50 51 48 52 13 27 5 49 28 43 58
47 11 4 39 59 14 24 12 5 6 15 1 37 57 7 25 46 48 43 2 17 20 38 9 58 0 55 19 16 3 29 31 49 54 52 28 34 27 13 21 41 10 51 50 32 26 40 30 35 8 56 36 33 44 45 42
48 35 53 56 37 25 42 27 7 54 47 23 19 14 17 12 28 2 18 29 32 36 3 52 33 39 59 13 9 4 6 50 22 51 31 1 0 15 55 58 57 26 38 21 34 11 20 5 49 46 24 16 43
49 1 15 19 4 21 44 56 6 22 14 42 8 52 11 36 5 43 58 45 37 41 40 10 50 23 39 26 54 0 9 24 2 55 13 17 47 27 28 32 12 34 20 33 25 7 29 3 35 53 38 48 16 59 46 51
50 2 51 0 10 42 26 4 43 56 54 23 44 21 18 58 9 39 22 7 16 3 13 33 20 37 11 59 5 28 34 19 31 32 49 57 35 48 1 30 41 27 55 29 52 25 45 15 47 46 38 36 14 53 24 6
51 36 17 23 50 21 14 15 39 11 30 10 7 59 32 37 0 58 26 19 16 4 12 54 24 41 40 38 56 6 57 31 42 48 44 9 29 2 28 45 34 13 47 18 43 5 22 1 3 46 20 53 49
52 10 20 36 17 33 18 4 49 8 37 21 44 41 6 56 24 38 16 48 58 57 27 22 23 43 29 2 45 34 13 5 47 54 3 11 32 50 28 35 1 30 25 26 39 42 46 53 55
53 28 19 48 26 10 46 29 8 2 3 55 16 6 4 11 27 38 17 15 37 42 24 35 43 23 32 0 45 18 13 9 31 30 56 57 34 7 54 58 5 49 20 59 41 36 22 50 44 33 1 40 51 52
54 7 18 24 44 27 58 5 50 32 13 8 48 22 2 16 46 38 43 4 20 37 59 51 11 55 49 6 14 56 45 34 36 21 42 47 52 19 10 30 0 12 3 28 57 53 29 33 23 9 39 25 31 26 17 15 41 40
55 3 14 8 15 27 30 9 53 44 31 35 36 29 16 32 4 20 58 38 18 41 10 26 54 19 47 23 43 49 0 59 57 25 50 48 34 5 40 46 1 56 17 39 2 33 28 42 13 45 52
56 22 44 39 9 58 49 16 26 5 48 50 6 20 43 18 27 37 11 38 14 29 41 52 12 23 33 15 31 17 45 59 51 54 30 4 13 8 53 35 55 42 25 21 46 0 32 10 34 2 1 24 36 47 3 7
57 37 32 25 1 18 9 47 17 35 40 39 43 26 11 14 13 33 30 50 46 12 52 5 51 38 29 58 20 55 24 45 8 28 16 59 3 53 10 15 54 36 48 41 6 27 19 34 0 7 31 2 21 22 42
58 56 59 26 54 25 28 10 17 8 50 23 49 38 51 11 14 42 34 55 22 43 4 24 39 2 47 18 3 32 44 52 57 45 30 21 35 7 33 5 40 27 36 29 48 6 31 9 20 53 37 15 41 12 19 46
59 46 47 43 4 12 26 58 38 25 17 19 18 9 5 23 51 10 20 16 54 50 22 7 37 3 21 56 15 24 0 48 34 28 35 55 41 57 6 29 13 27 14 31 40 11 53 33 1 30 8 32 39 49 2 45
