60
1593
0 1 38 7 31 52 42 4 27 5 56 58 6 15 2 26 46 22 11 29 34 53 8 9 49 54 17 16 55 21 59 36 35 45 10 13 47 24 43 41 51 32 50 3 25 12 48 44 39 30 37 18 20 33 23 57
1 29 0 57 19 51 49 48 53 4 59 23 26 11 32 47 33 40 54 18 38 56 50 21 37 27 39 12 55 20 31 45 42 25 10 14 22 6 17 35 7 52 13 30 15 2 41 34 3 24 46 28 58 9 8 43 16
2 18 53 4 5 42 57 35 50 16 47 46 37 20 58 41 0 54 21 19 8 55 25 24 29 27 59 3 13 48 38 10 40 14 23 6 44 17 1 26 15 30 56 9 52 11 32 43 33 49 22 7 28 39 31
3 22 12 4 52 57 49 6 50 29 42 43 19 11 33 35 15 53 58 46 56 14 39 47 59 9 5 10 2 7 38 44 21 55 16 25 40 32 20 27 45 0 23 48 1 8 51 28 30 37 54 13 31
4 30 35 2 3 24 31 1 0 34 15 46 44 9 11 17 47 36 38 55 23 45 8 52 12 25 32 59 58 53 27 43 6 20 41 10 54 40 49 28 14 26 18 56 57 33 50 22 7 42 16 21 13
5 31 52 21 47 42 2 17 46 38 44 14 51 36 26 0 16 27 9 18 49 54 19 45 33 40 7 55 23 59 43 3 58 13 48 35 29 28 50 34 41 11 24 22 37 20 15 8 12 39 32 56
6 41 45 47 52 40 51 24 13 8 3 29 17 44 21 23 34 46 38 59 54 18 0 36 11 26 53 32 56 57 42 33 31 12 27 7 10 9 49 4 43 37 2 35 1 39 19 16 15 30 25 50 20 22
7 59 36 28 31 23 37 16 24 54 10 45 0 33 48 20 50 13 40 11 19 30 58 41 49 29 51 44 32 46 5 55 42 12 3 21 18 6 47 38 53 15 35 26 1 8 39 52 43 4 17 57 25 56 34 2
8 17 30 48 15 57 6 26 16 23 9 51 36 56 10 45 28 49 47 50 53 52 38 11 2 14 44 42 0 32 37 4 31 20 55 40 22 13 34 39 35 54 43 58 7 3 5 18 59 19 33 24 12 1 27 25 21 29 41
9 11 39 28 29 30 21 42 25 33 53 8 15 45 5 14 34 23 13 43 4 47 20 35 40 3 18 10 0 58 31 56 44 16 49 12 46 6 17 22 50 51 57 48 24 32 52 54 36 55 2 27 37 1 38
10 50 16 48 27 7 28 44 57 49 59 32 22 15 46 42 13 45 8 53 36 58 35 54 9 25 3 37 41 19 6 1 0 2 56 51 17 39 11 12 4 23 43 29 21 55 38 14 18 26 20 47 34
11 9 45 28 54 18 46 37 3 7 48 14 35 42 4 1 25 50 26 19 41 6 0 8 34 36 16 33 22 49 15 24 43 58 31 13 20 52 10 38 21 30 40 5 53 12 56 23 59 51 17 39 2 47 44 29 32
12 38 3 19 59 29 45 13 27 33 25 49 57 46 53 18 20 16 23 42 48 32 43 22 17 52 36 35 39 4 50 1 6 51 7 55 40 9 56 58 21 31 37 44 10 15 11 28 54 0 30 47 34 26 5 24 8 41
13 29 6 33 56 12 7 42 17 14 39 10 26 28 9 38 55 46 19 47 54 22 24 44 18 32 15 27 36 5 49 58 8 2 21 53 11 43 37 0 31 40 50 1 20 35 45 25 41 59 3 16 4 30 52
14 55 22 24 16 37 47 23 5 26 46 58 54 13 50 9 59 11 32 41 39 3 21 44 19 29 57 20 8 45 36 51 28 48 49 53 15 25 17 34 52 1 42 2 18 4 27 10 43 33
15 34 55 8 23 56 52 59 29 57 10 43 9 4 37 3 46 31 0 40 30 38 48 39 16 27 24 50 11 35 13 25 54 14 32 28 26 49 22 7 51 18 12 58 47 44 36 1 2 41 42 19 6 5 20 21 17
16 10 35 46 7 37 36 14 8 52 33 57 45 2 56 5 12 51 25 15 21 11 24 58 27 34 17 44 26 32 59 9 0 3 55 42 19 23 47 30 41 28 53 18 29 39 31 50 22 20 6 4 40 13 43 48 54 1
17 20 8 36 34 5 6 48 35 18 13 56 52 38 19 54 23 29 25 30 43 4 31 12 27 50 55 32 49 16 21 53 45 47 42 44 0 14 24 58 37 9 46 10 26 57 1 2 11 22 40 28 33 7 59 41 15
18 2 20 56 11 22 45 39 17 38 6 50 59 5 12 31 47 51 54 42 25 1 41 36 29 21 13 9 26 40 44 23 33 7 49 24 46 28 15 43 57 19 16 14 4 53 48 34 58 10 8 0 52 27 32
19 48 24 1 51 12 27 50 3 35 26 44 21 17 7 32 5 13 14 31 11 2 41 20 28 22 38 55 39 52 40 10 57 16 33 59 6 18 23 30 47 46 34 15 36 43 8 29 56 53 58
20 17 44 18 59 7 23 56 55 25 2 12 39 38 9 14 40 58 19 22 41 31 37 43 53 24 8 42 1 34 57 27 11 3 4 35 32 30 13 29 28 45 16 5 47 15 10 0 49 21 50 6
21 5 49 9 6 51 39 33 54 19 25 56 45 57 14 34 46 2 26 16 29 18 32 1 43 55 53 17 7 59 3 0 48 13 27 12 36 44 38 30 11 22 31 28 10 23 24 42 4 20 8 15 52
22 14 3 26 54 32 18 58 53 10 28 57 56 12 0 13 38 43 11 20 55 19 46 39 52 41 49 8 47 15 33 45 25 31 9 44 1 48 21 40 27 5 16 17 34 59 4 24 42 2 37 6 29 30
23 7 53 15 35 42 30 6 20 14 8 1 48 49 45 9 25 52 17 58 12 41 32 4 55 5 28 31 37 36 18 40 44 39 38 46 56 2 57 16 27 10 19 33 11 34 3 26 21 59 47 0
24 32 58 19 14 7 28 6 4 27 25 36 48 39 52 15 13 34 16 2 51 56 43 37 20 11 40 33 17 47 18 38 41 44 55 0 31 5 42 9 21 1 22 59 30 54 8 12 57 26 53 35
25 46 43 48 56 47 31 9 49 20 40 24 12 26 36 21 32 59 39 23 11 17 57 16 55 18 45 2 30 15 10 4 29 14 41 52 37 34 3 51 1 22 53 38 58 50 28 0 13 44 6 27 7 35 33 8 54
26 54 46 22 33 30 8 45 38 14 5 19 40 25 13 56 29 31 1 55 58 34 0 21 11 6 18 48 16 27 41 37 50 59 28 15 35 49 32 17 43 57 7 4 42 39 2 44 23 10 12 36 24 51
27 51 10 38 30 32 19 0 24 12 55 5 49 57 53 42 35 31 39 15 17 37 34 16 47 1 28 44 2 13 26 33 6 54 50 48 4 21 20 45 29 3 23 22 14 58 36 52 9 43 25 40 56 18 8
28 7 30 24 11 46 9 10 48 51 53 49 8 13 44 22 57 42 19 58 14 47 23 27 43 26 15 29 31 38 5 35 36 55 18 50 16 4 37 25 20 52 34 59 12 21 3 17 40 41 1 2 54 39 56
29 1 43 46 13 12 59 34 50 9 42 6 3 15 47 51 35 53 26 54 7 17 57 14 30 32 18 0 21 39 48 2 55 37 38 56 25 40 28 58 49 5 27 36 33 44 16 20 31 10 52 19 11 45 8 22
30 46 28 8 4 27 26 9 56 23 59 43 35 47 7 32 15 49 17 29 38 58 25 37 42 45 55 40 34 50 44 21 33 16 48 11 53 20 1 12 57 19 2 3 6 51 31 0 52 24 13 22
31 5 7 0 25 4 42 18 15 26 36 47 19 27 17 54 49 20 6 41 9 59 8 44 52 45 23 57 1 11 28 22 12 24 13 21 29 40 16 33 53 51 34 48 56 30 58 37 39 2 3
32 24 27 22 59 48 57 41 10 39 44 25 19 14 30 47 1 54 12 7 29 49 6 23 21 17 13 8 52 55 4 16 38 34 15 42 26 3 37 46 33 53 20 35 0 9 45 36 56 2 40 50 5 18 43 58 11
33 26 38 7 13 50 46 41 21 9 16 56 3 12 48 45 52 35 5 1 49 11 37 54 6 53 27 24 18 43 40 22 47 39 30 59 29 32 19 57 23 55 31 44 4 17 36 8 0 51 2 14 25 34
34 52 15 45 29 17 49 6 39 4 36 9 48 26 54 21 42 57 35 11 24 38 0 27 16 44 37 32 20 51 30 14 46 25 8 43 47 55 53 50 59 5 41 28 23 1 22 18 31 19 12 58 10 7 56 33
35 16 4 23 2 17 30 19 29 3 46 40 11 10 33 27 49 56 34 9 41 42 37 51 58 12 15 44 0 26 5 48 28 38 8 7 6 20 45 55 1 32 36 13 39 59 43 53 50 57 25 47 52 24
36 7 57 59 50 17 16 48 37 5 8 34 52 25 24 10 47 31 6 54 55 4 11 18 41 53 14 12 56 13 23 0 21 49 58 28 45 29 38 40 35 51 15 39 46 27 9 32 42 19 33 43 26
37 7 51 56 43 16 14 45 59 11 36 50 2 15 35 27 33 41 53 8 52 1 30 20 24 29 57 34 58 40 23 26 25 10 17 13 12 6 32 42 38 28 5 39 49 9 3 0 31 55 22
38 12 27 0 43 33 53 50 44 42 26 5 45 18 6 17 13 20 15 55 8 22 1 56 4 34 30 19 48 58 29 32 3 47 54 24 39 7 23 2 28 35 21 11 46 37 36 25 49 10 40 51 41 59 9 52
39 9 47 50 18 21 49 32 34 13 25 59 20 14 55 46 24 3 27 15 52 56 19 29 22 12 1 42 43 51 40 38 41 8 23 57 33 10 53 6 35 36 26 16 37 48 7 11 0 58 54 31 44 5 45 2 28
40 56 6 57 25 7 26 52 35 15 42 1 50 9 5 20 46 45 58 54 18 30 24 37 8 29 23 39 12 19 47 33 41 3 2 13 4 11 36 22 49 43 51 44 31 53 17 48 38 32 28 16 27 55
41 58 6 32 33 14 7 2 53 11 23 35 18 19 36 20 37 22 31 45 25 26 54 10 49 39 24 42 55 40 4 5 16 34 0 48 1 15 50 44 13 43 38 47 59 28 52 56 57 12 17 8
42 5 2 50 23 29 0 9 38 3 31 13 10 53 48 52 11 18 12 34 40 27 28 35 47 8 44 6 30 51 54 39 17 20 7 43 1 16 32 45 41 14 37 49 58 24 26 15 36 46 21 4 22 56
43 29 25 38 37 30 3 15 9 56 17 12 51 46 22 55 24 21 5 59 20 45 11 39 52 28 53 42 34 4 33 13 6 50 26 57 18 8 48 0 10 40 54 35 41 27 14 19 7 2 36 16 32 1 58
44 20 10 6 38 5 32 19 28 4 45 14 7 51 13 8 42 16 34 35 58 53 27 9 52 31 17 18 46 3 23 50 24 21 30 22 47 12 49 29 2 15 40 26 54 33 41 0 25 11 57 39 56
45 11 6 57 34 7 52 48 12 53 18 37 26 38 58 16 9 10 23 8 33 50 21 5 44 56 40 25 14 46 51 30 4 43 17 41 31 1 49 0 27 22 59 42 36 54 35 3 32 13 20 55 39 29
46 30 26 25 16 29 28 33 11 5 6 14 10 2 12 35 55 15 54 3 4 56 39 13 21 0 51 7 43 40 45 58 22 48 52 50 44 34 57 47 9 18 17 23 32 38 36 19 49 42 1 59 53
47 6 5 39 54 49 14 25 56 59 51 29 2 30 18 52 8 32 36 1 9 31 3 13 4 42 27 28 48 57 17 38 22 7 24 46 34 40 50 53 0 44 33 16 15 12 58 19 20 11 41 23 10 35 55
48 19 10 8 25 58 45 28 7 17 32 1 36 54 23 33 11 24 42 34 15 12 57 26 14 46 29 47 38 59 49 27 21 5 2 56 35 22 30 43 41 9 39 18 40 3 0 52 31 51 16
49 58 51 47 3 21 10 34 1 39 25 28 23 12 27 8 7 30 5 35 33 31 32 17 11 59 14 0 22 13 48 18 45 41 9 15 29 6 53 36 26 52 57 44 42 4 40 50 37 38 54 46 20 2
50 10 36 29 42 58 33 38 39 3 19 7 2 37 59 18 14 45 54 8 11 51 40 17 15 1 53 12 46 27 26 44 47 30 5 43 34 9 28 13 25 49 0 16 41 4 57 35 32 6 55 20
51 27 19 53 37 49 6 28 1 21 5 52 8 47 29 18 57 46 16 50 7 43 59 44 35 24 14 45 42 12 34 39 25 56 54 10 58 15 9 0 36 40 55 11 31 3 38 30 48 33 26
52 34 5 6 3 15 45 0 16 51 17 40 36 47 42 23 33 59 8 24 39 56 12 19 37 22 32 46 4 44 43 31 25 14 54 49 11 1 28 57 9 29 7 27 2 48 30 41 18 58 53 35 38 21 13
53 51 2 23 22 45 38 1 28 9 10 12 42 3 29 8 41 27 6 36 0 37 14 33 21 50 20 44 17 43 4 13 7 57 47 58 49 54 34 25 39 32 30 16 11 18 40 31 35 52 19 46 55 24
54 26 11 7 47 22 48 6 14 21 56 17 46 55 29 50 18 34 5 32 36 2 13 1 31 10 33 40 42 15 0 57 27 38 41 52 51 53 8 4 45 12 9 43 44 49 3 24 39 28 25 16
55 14 15 20 27 46 54 26 39 13 38 36 25 2 4 17 22 5 19 23 43 32 21 29 1 30 8 7 12 0 3 16 59 24 34 41 28 58 35 33 51 10 9 45 50 37 47 40 53
56 40 37 18 15 25 13 30 57 47 20 33 17 8 16 0 54 21 26 3 46 45 43 22 35 59 52 39 38 1 6 24 9 29 36 51 12 48 10 23 11 4 2 32 31 7 19 41 27 42 5 34 44 28
57 36 1 45 40 8 2 3 10 32 56 15 16 12 51 21 28 27 58 22 25 29 34 14 48 6 47 37 54 31 20 46 19 53 39 43 23 26 18 49 17 33 59 9 52 4 30 44 50 35 7 41 24 0
58 49 24 41 48 50 22 45 14 0 7 2 3 26 10 57 23 20 40 28 16 46 35 30 9 44 5 38 37 4 13 11 17 29 12 53 51 36 55 15 25 8 42 59 27 47 18 34 39 31 1 52 19 32 43
59 7 36 12 20 29 15 32 10 30 37 1 47 6 50 18 14 25 39 52 56 3 51 49 5 43 31 4 2 16 48 21 26 0 55 45 34 33 19 57 58 11 28 35 13 22 23 38 24 8 41 46 17
