60
1593
0 43 26 29 34 21 44 4 32 13 36 15 3 10 30 23 42 55 28 25 47 45 31 5 18 52 51 7 11 39 22 49 46 54 16 14 57 20 27 19 58 56 53 2 41 50 33 48 6 9 35 40 59 12 1
1 52 44 41 22 31 16 3 35 26 4 51 42 28 10 14 21 59 9 46 37 24 2 36 32 43 45 33 7 39 6 15 23 54 34 13 25 17 11 27 38 19 49 29 8 5 55 12 18 56 0
2 21 25 23 53 44 33 10 14 15 20 57 35 50 8 17 31 32 12 16 22 1 6 47 4 13 46 18 51 34 7 37 45 56 59 26 24 48 11 30 38 54 52 0 40 9 19 28 5 55 43 41
3 18 30 59 1 29 45 27 9 8 53 22 5 38 40 0 16 24 42 55 54 23 10 37 15 46 25 4 26 47 56 52 31 39 21 41 57 20 34 14 12 58 50 49 17 51 28 33 43 13 44 7 6 19 35
4 57 59 38 53 55 51 7 15 12 1 31 18 29 50 0 5 35 36 39 19 9 33 49 11 22 3 13 43 26 24 56 54 27 58 40 2 21 28 41 32 20 34 14 42 52 48 16 25 23 47 8 30 17 6 37
5 53 10 9 25 7 35 36 45 58 24 11 4 48 3 22 40 43 37 30 14 52 28 42 13 29 15 54 21 44 56 17 55 6 0 31 34 51 16 57 8 46 26 49 18 41 50 27 47 19 59 1 39 2 12
6 23 37 19 44 17 18 14 48 39 53 58 46 41 10 26 30 9 40 55 54 15 13 8 11 52 25 36 22 2 16 27 49 5 29 32 1 57 47 12 24 51 42 56 35 31 0 21 4 3 28
7 8 43 12 5 45 4 29 59 14 40 37 25 13 17 46 58 56 34 36 53 33 35 28 49 16 30 50 23 44 38 42 24 26 21 27 1 0 9 55 2 54 10 47 18 32 51 11 52 15 57 39 22 3 31 48 20
8 7 53 31 15 28 12 3 43 20 45 39 48 49 13 59 56 22 58 14 34 6 57 2 33 38 55 18 50 44 32 25 21 42 52 29 40 5 17 24 19 35 37 36 54 46 51 16 4 30 23 41 10 1 47 26 9
9 5 36 3 21 41 42 39 38 28 14 4 59 6 1 11 46 17 10 34 25 50 40 27 19 13 35 15 48 53 26 52 22 56 12 7 44 20 47 58 16 57 37 18 33 49 2 55 0 54 8
10 5 56 15 21 27 46 19 36 29 48 22 2 11 1 33 6 49 47 32 38 54 0 3 23 37 9 16 45 50 13 40 28 34 59 52 12 24 57 58 30 14 7 18 51 35 31 39 41 17 53 8 26
11 45 51 49 39 48 10 5 36 29 32 26 53 46 20 42 9 4 15 19 6 17 27 44 28 58 23 34 33 37 38 14 30 47 18 24 0 50 56 54 21 16 55 43 52 25 2 12 35 40 22 1 57 7 59 31
12 29 7 48 22 8 57 4 18 59 30 52 34 21 55 47 15 28 14 33 46 40 42 16 51 2 26 13 56 36 10 20 41 23 9 25 32 19 35 54 45 3 24 11 58 6 31 49 39 1 0 5 43
13 57 36 51 17 27 24 30 43 14 38 53 7 29 0 47 46 8 34 48 23 5 44 25 15 6 16 50 4 10 18 58 21 39 12 9 55 2 45 19 54 28 40 20 26 1 37 52 31 56 3 32 41 49
14 58 43 48 21 6 56 7 13 59 28 2 1 9 35 5 37 8 15 39 12 52 24 25 19 51 17 54 11 50 30 45 38 44 47 26 40 32 10 20 27 18 33 4 0 3 53 36 55 29 46 49 22 23 42 31 16 57
15 57 10 8 20 32 4 55 35 17 54 29 0 43 33 27 46 39 2 22 6 12 24 13 3 5 11 14 36 23 16 42 40 52 28 58 9 53 34 30 51 26 37 31 44 1 47 49 21 25 18 59 38 45 7 56 41 50
16 29 59 37 20 55 1 33 45 27 43 19 3 23 28 25 35 13 49 15 30 10 7 54 18 26 58 44 48 21 12 2 24 41 51 53 6 40 56 46 32 36 50 5 0 11 9 4 52 57 22 39 17 47 8 38 14
17 55 33 22 6 13 23 56 50 29 7 47 18 15 54 20 46 32 38 21 30 24 36 9 11 5 14 41 2 39 44 45 57 48 27 35 43 34 59 58 52 8 26 49 40 28 16 31 1 3 42 53 10 25 4 37
18 43 3 33 42 6 4 49 12 17 50 25 55 30 36 48 24 31 45 34 13 16 23 35 51 54 27 38 20 19 29 8 11 0 44 2 59 14 56 39 10 26 32 52 5 9 7 41 22 15 58 37 21 57 53 1 40 28 46
19 57 40 6 10 58 38 33 16 4 27 42 20 26 29 11 23 54 14 55 49 9 18 13 24 43 51 44 47 53 35 30 12 22 0 52 39 8 34 59 41 32 36 2 56 21 50 1 5 45 3
20 16 39 15 50 38 59 8 42 55 26 58 17 54 19 11 40 2 29 35 21 31 53 25 18 12 51 46 3 4 14 23 33 45 9 43 44 30 0 41 28 49 13 57 48 22 27 56 32 24 47 7
21 2 59 48 10 14 49 0 36 9 31 28 42 12 29 1 39 17 34 26 22 54 46 5 41 50 52 45 20 55 53 13 16 38 25 56 30 3 4 43 57 33 7 51 47 8 35 37 11 15 44 32 40 18 19 24 27 6 23
22 28 1 17 45 12 30 44 57 10 36 37 3 5 55 49 8 38 47 15 29 21 4 43 41 35 6 25 59 58 2 27 26 48 42 50 46 9 52 0 51 34 19 56 32 40 23 16 18 33 20 31 11 14 39 7
23 59 6 24 53 2 44 17 28 41 32 38 16 13 48 3 25 10 46 26 34 15 0 36 47 19 42 49 18 7 52 11 30 12 31 33 20 58 50 29 37 55 1 22 27 39 4 43 56 8 14 40 57 51 21 45
24 34 23 27 13 39 28 5 42 29 47 54 3 56 45 18 58 15 17 38 41 25 26 14 4 43 1 50 16 44 31 7 37 19 10 11 49 30 46 40 32 36 52 8 12 2 57 59 6 33 21 20 55
25 43 27 2 5 40 7 18 41 26 42 52 59 31 16 23 13 35 51 24 3 6 14 30 9 53 49 22 44 0 20 21 37 57 46 34 48 8 58 29 12 39 32 28 47 56 36 55 11 38 15 1 4 33 45 17
26 47 56 51 0 34 1 42 55 25 20 6 11 39 21 19 59 23 24 3 4 16 27 46 12 41 22 50 7 14 52 57 9 29 37 38 44 33 15 58 18 17 2 5 43 45 32 31 13 54 35 48 30 49 28 10 8
27 40 25 24 10 13 57 16 3 32 47 50 19 56 15 59 38 51 55 43 11 33 28 26 44 29 9 18 4 22 6 17 7 52 14 36 39 45 53 37 0 35 23 48 5 20 1 54 31 21 30 41 49
28 22 8 24 53 14 54 43 1 21 47 23 42 30 34 9 44 16 5 35 7 46 32 12 57 10 29 11 27 15 0 40 39 41 4 50 25 45 13 20 56 48 33 55 58 17 51 36 3 49 2 38 26 18 6
29 16 12 44 0 7 10 3 48 30 17 59 24 4 35 13 15 57 11 21 38 50 43 20 5 22 19 55 28 27 49 42 56 41 33 51 32 18 37 6 26 25 46 8 23 47 31 53 58 14 54 1 40
30 31 38 3 41 13 22 37 29 51 34 42 12 35 28 18 53 5 6 57 43 17 0 36 59 25 16 46 7 45 23 11 14 48 21 56 44 10 58 24 15 47 55 19 32 20 40 2 50 8 4 26 33 27
31 30 8 51 46 1 57 4 54 34 21 56 25 52 18 42 2 20 45 37 24 3 41 0 23 5 39 32 58 50 29 36 48 15 40 55 26 43 53 17 22 10 12 49 13 47 27 6 11 14 7
32 33 48 15 27 55 0 23 17 11 10 28 34 36 59 2 44 56 1 29 53 4 47 8 52 16 14 6 31 50 25 45 51 39 24 54 12 30 40 43 18 22 26 7 21 46 57 19 42 58 35 49 20 41 13
33 32 36 59 35 18 44 17 16 52 2 39 19 10 34 49 15 7 45 4 40 37 50 12 53 27 8 11 29 42 21 57 1 38 23 20 14 26 46 48 55 28 9 51 43 22 24 25 3 47 0 56 30 58 54
34 51 24 26 57 0 40 30 31 59 12 7 28 33 53 13 21 49 8 35 23 32 9 18 10 11 50 44 37 25 42 55 5 41 17 15 2 4 3 43 58 22 45 38 39 19 1 48 56 46 54
35 55 33 5 40 1 47 15 29 4 30 14 7 50 28 16 20 25 2 41 34 42 58 22 18 9 17 45 59 57 21 19 12 46 43 51 53 11 27 8 10 32 48 52 26 6 0 56 54 36 3 37
36 33 13 49 56 9 10 5 21 48 38 22 11 42 53 4 0 7 55 18 30 40 15 17 23 6 54 52 58 32 59 12 1 43 16 27 46 51 24 25 31 50 39 57 41 8 14 28 19 47 44 37 35
37 16 6 40 30 7 22 44 5 59 55 14 3 48 47 10 33 46 58 1 42 38 52 11 31 25 29 24 34 26 49 56 21 39 23 2 15 27 50 45 9 43 8 54 18 51 13 53 36 57 4 35 41 17
38 51 4 59 30 40 47 58 20 13 45 36 19 23 3 9 29 27 17 22 39 10 41 24 52 8 37 42 21 11 7 14 18 44 54 33 26 49 43 53 34 25 57 46 2 16 15 1 56 55 50 28
39 20 24 11 6 8 40 33 9 4 43 55 57 51 21 38 15 26 48 58 14 44 13 56 17 28 50 3 45 31 0 52 25 37 27 41 1 32 47 18 19 36 53 49 54 34 16 23 10 12 22 42 5 7
40 45 27 48 37 38 19 46 25 35 7 34 39 3 5 6 56 20 36 33 15 54 10 12 47 9 43 28 4 16 50 53 42 44 14 24 57 58 13 8 32 31 11 22 30 21 17 2 0 23 55 49 18 52 59 41 29
41 1 47 30 54 9 23 25 6 38 35 21 24 22 50 17 51 52 26 55 59 29 16 31 28 46 3 4 48 12 34 49 39 57 43 58 20 36 42 18 19 5 44 0 10 8 32 15 45 13 53 2 27 40 37
42 53 18 49 52 24 30 1 26 9 21 36 28 20 25 50 19 3 11 5 47 54 35 0 31 15 23 43 12 48 37 38 45 29 33 7 51 22 40 56 34 8 4 41 46 59 55 17 32 6 39 14 57
43 25 7 18 54 14 0 50 13 49 8 28 16 39 15 5 48 29 30 59 52 27 22 4 24 42 40 21 17 1 36 19 38 58 57 20 41 11 34 56 32 35 53 26 37 33 31 44 45 23 3 2 12
44 1 46 29 33 56 23 6 53 0 22 2 47 37 45 28 58 13 39 5 11 16 50 27 25 17 32 7 24 14 38 34 8 30 40 18 19 9 26 59 20 57 15 51 21 41 43 49 36 3 54
45 40 11 7 22 16 3 5 38 8 57 44 24 33 55 21 10 18 58 30 42 17 31 0 14 13 39 35 54 1 32 27 20 28 48 53 47 49 51 2 12 37 34 26 59 43 25 15 19 41 50 23
46 44 40 31 10 7 53 13 17 6 52 15 11 48 56 23 28 21 3 9 59 37 49 47 1 30 12 26 41 2 16 25 22 20 29 24 36 0 50 33 35 5 38 42 32 55 8 58 34 14 18 51
47 26 59 38 41 57 35 27 17 44 28 51 13 24 58 52 10 22 12 42 54 37 46 23 3 40 0 2 11 14 53 32 21 48 25 19 9 39 30 45 56 29 7 15 55 6 49 16 5 4 36 33 31 50 20 8
48 32 40 21 14 12 10 6 36 29 11 8 5 43 13 46 18 23 39 54 37 56 42 16 30 17 22 9 41 25 52 47 57 45 31 4 55 33 2 28 59 27 20 34 51 58 35 0 26 7
49 36 11 42 21 43 18 57 53 8 33 10 22 34 4 7 50 16 46 23 19 25 29 6 24 37 0 59 41 38 56 45 15 17 39 5 20 9 3 47 51 12 31 52 32 44 14 1 28 26 54 40 13 27
50 43 20 17 4 18 27 42 29 35 49 21 33 13 41 2 10 9 7 44 24 34 57 14 39 26 54 40 8 22 28 11 32 31 16 46 23 51 36 37 58 53 59 3 55 5 0 30 19 47 38 45 15 56
51 38 11 34 26 55 59 13 31 4 1 30 47 58 39 27 25 14 54 56 41 18 12 52 16 29 42 20 21 0 19 5 36 2 22 32 15 45 50 57 10 35 44 33 28 37 7 3 48 8 6 49 53 23 46
52 1 42 33 12 55 47 25 46 31 5 43 54 21 6 38 14 15 57 36 23 37 41 3 51 10 26 9 0 32 48 22 59 27 39 8 4 24 11 56 17 19 18 16 2 35 13 49 7 58 40
53 5 54 8 42 23 4 44 28 2 3 13 6 46 49 36 30 34 7 11 56 33 21 25 20 16 32 40 47 9 15 45 27 19 57 14 55 50 43 38 39 35 29 0 31 17 10 18 37 41 51
54 53 43 41 31 28 15 24 17 20 6 10 3 47 48 52 21 5 42 19 36 40 16 51 14 4 18 59 50 45 38 13 0 11 32 7 58 12 39 1 2 8 37 26 27 56 29 49 35 34 44 9 33
55 17 35 16 51 4 15 32 26 20 18 52 22 39 37 3 6 12 36 45 27 58 29 21 0 19 5 8 41 13 7 34 30 11 25 48 53 33 23 47 56 31 28 42 46 50 14 9 38 1 40 2 24
56 26 10 36 44 14 17 58 7 27 8 31 24 40 46 48 53 5 59 51 3 39 4 32 12 29 21 30 16 42 9 37 57 18 11 49 25 47 43 52 2 28 0 22 55 34 19 20 13 6 33 23 54 38 15 35 1 50
57 19 4 15 13 59 31 47 27 34 12 22 49 45 29 39 30 2 28 52 8 50 17 21 25 33 26 3 10 35 56 40 48 43 41 53 5 0 44 6 51 36 9 38 16 20 58 24 32 18 11 7 37 42 23 14
58 14 38 19 5 56 7 47 6 20 51 8 44 24 39 55 35 37 45 36 13 16 11 22 15 4 25 10 30 31 23 43 40 9 17 41 26 34 54 50 0 59 12 29 3 57 28 18 32 48 46 52 33
59 16 23 21 33 47 4 38 51 57 3 7 20 14 12 29 34 8 27 25 9 37 1 43 26 46 30 56 36 32 22 10 41 54 35 52 18 49 44 17 50 2 58 48 42 19 24 15 45 11 5 0 40
