60
1593
0 16 45 41 15 14 46 33 10 39 29 1 32 30 55 47 49 34 3 48 22 42 57 21 35 43 52 5 11 40 4 27 31 7 44 36 25 18 28 50 51 58 19 59 24 37 12 23 53 9 38 26 17 8 6 20 2 13
1 13 29 45 17 15 7 58 11 47 24 3 2 0 27 49 8 12 14 18 19 33 23 31 22 26 51 35 28 5 42 43 59 55 46 6 50 53 56 36 16 4 40 38 9 44 41 57 20 48 32 54 10
2 24 58 32 33 4 38 43 30 12 55 53 1 37 14 31 21 29 34 56 35 28 47 49 36 23 26 3 40 59 45 52 46 50 15 54 41 44 6 57 48 9 5 22 42 8 18 13 0 51 27 11
3 9 19 37 52 29 16 10 34 59 33 49 57 47 54 8 43 25 1 31 55 46 30 0 50 7 21 14 58 18 41 2 45 13 35 12 36 17 40 27 56 51 6 4 38 11 26 44 53 22 28 20 48 24 39 5 15
4 30 58 25 40 6 28 35 41 2 23 8 9 24 7 33 22 31 50 53 45 27 21 55 15 37 59 10 0 5 52 17 56 16 39 48 46 47 26 19 14 20 51 1 57 3 11 44 12 13 54 36 18
5 57 7 40 33 44 25 26 50 10 53 35 55 41 13 45 46 16 56 49 34 54 8 42 0 32 11 22 1 18 4 20 38 31 17 29 37 48 52 59 6 47 15 2 23 39 24 9 58 3 27 12
6 4 45 21 58 24 17 33 47 29 57 42 16 18 8 40 46 12 25 28 22 27 9 19 49 10 54 7 39 11 1 56 14 2 30 59 3 50 43 37 53 5 48 41 0 44 26 36 15 38 34 13 35 32 20 52 31
7 53 5 11 48 58 35 19 1 55 46 32 14 4 57 31 29 23 28 16 3 18 25 47 49 21 26 0 9 8 37 51 50 34 20 6 41 24 38 39 56 59 17 12 22 54 27 36 45 33 42 10 15
8 37 12 14 19 38 52 56 4 33 22 3 15 13 51 25 1 53 44 41 43 16 6 36 5 26 39 11 35 7 29 48 42 50 54 57 58 17 24 20 40 31 46 0 28 2 30 59 27 34 47 9 49 21
9 44 3 48 23 32 26 47 4 31 50 19 56 46 36 24 59 14 58 33 54 35 13 16 51 37 39 41 27 43 53 7 6 10 15 11 38 34 55 57 22 12 42 0 52 1 2 25 21 28 40 5 45 8
10 15 58 14 3 23 21 5 43 0 16 53 34 20 26 45 22 25 41 49 57 38 54 31 52 44 37 4 35 40 13 12 6 17 9 28 29 56 50 30 27 32 51 11 19 42 55 36 1 39 24 18 7 59 47 46
11 28 13 24 7 37 41 47 20 1 23 14 50 55 29 33 57 46 36 15 48 49 31 0 5 26 8 27 58 17 53 38 25 9 32 22 6 39 34 19 51 10 59 42 30 3 12 56 4 16 52 43 21 18 2
12 8 54 41 56 31 52 14 25 2 16 36 22 45 29 43 13 37 33 44 1 58 20 18 6 35 3 34 53 10 51 57 50 39 40 21 15 0 24 47 19 9 55 26 7 11 4 48 28 5 17
13 22 1 59 32 11 33 57 45 27 24 19 52 56 5 8 12 38 39 41 50 14 9 58 43 53 48 37 25 3 28 10 42 34 51 36 47 26 54 21 44 17 40 29 30 46 55 2 18 6 4 15 16 31 0 49
14 53 8 28 24 10 35 37 52 17 0 32 56 15 12 19 11 18 7 57 42 46 30 9 2 1 50 22 31 55 13 20 16 40 51 34 41 43 3 49 25 36 39 33 45 54 47 38 48 58 6 59 4 27 44 29 26 23
15 10 37 54 57 33 58 42 24 0 50 1 52 22 32 14 8 25 56 16 34 23 43 11 41 47 4 18 26 31 2 29 9 45 49 28 27 21 17 53 12 30 51 5 19 36 44 48 6 55 35 59 13 40 46 7 3
16 50 0 32 34 3 58 48 46 57 20 33 27 12 37 44 40 10 15 39 5 6 36 22 7 14 9 8 49 30 31 29 35 52 42 23 17 26 47 21 18 4 24 53 59 55 19 56 41 38 1 51 45 54 11 28 13
17 18 22 1 35 42 45 14 39 49 58 6 54 21 36 31 44 32 25 23 56 24 26 50 57 53 19 47 38 16 41 59 51 11 4 10 3 40 5 27 28 52 15 8 46 0 37 7 13 20 34 43 33 12
18 58 42 17 43 19 22 21 38 48 14 53 30 1 6 20 7 57 54 12 3 35 15 41 47 5 26 33 24 45 0 44 16 52 55 25 50 36 29 27 31 23 39 2 34 13 56 46 10 28 11 4
19 59 3 8 18 7 13 9 14 26 51 1 39 43 41 24 48 31 17 57 37 56 45 55 21 28 6 40 52 33 29 27 42 0 34 23 16 4 11 54 12 53 22 50 15 10 44 32 46 30 47 49
20 22 38 50 16 24 11 43 57 56 10 53 49 39 29 18 52 23 14 28 46 12 58 26 51 33 59 54 5 36 7 35 21 37 31 42 4 8 55 30 47 48 27 17 1 3 0 34 25 6 32 40 45
21 49 52 6 55 10 18 41 17 22 25 51 33 59 2 0 3 4 35 27 7 43 58 40 57 48 19 29 16 42 45 30 26 23 53 47 28 20 50 36 13 15 39 12 46 54 37 38 24 9 56 44 34 11 8 32
22 13 28 17 48 20 47 38 18 15 33 8 24 12 41 4 21 42 26 10 14 45 35 0 16 31 29 34 23 1 55 49 43 30 37 5 40 54 44 59 25 6 27 50 11 52 9 51 46 19 2 7 3 32 36 58 53
23 52 9 47 40 29 43 10 4 36 48 11 30 51 7 38 17 39 33 20 54 15 1 22 2 16 55 46 44 21 31 27 19 0 37 45 42 56 28 50 5 18 25 35 41 14 59
24 2 11 54 38 14 56 15 20 39 4 13 6 55 22 1 9 31 51 48 50 17 34 19 30 53 40 35 57 47 43 18 52 16 32 7 59 0 42 36 37 8 12 26 41 46 28 21 45 5 49 3 44 33 10 58 27
25 4 44 41 58 5 36 39 3 12 15 21 8 46 48 27 10 54 17 55 50 42 43 7 14 52 33 6 13 38 32 37 22 53 29 0 31 56 51 11 57 18 47 35 40 45 49 9 23 30 20 26 28
26 52 58 39 50 9 34 38 5 31 49 42 48 22 41 19 10 17 1 20 2 15 8 16 45 11 59 18 7 47 35 21 13 37 32 28 54 29 4 44 24 55 51 33 46 0 57 12 3 6 14 25 53 36
27 35 30 28 38 34 53 59 13 29 16 41 42 1 52 51 25 56 44 40 37 4 49 57 21 48 50 9 11 0 6 55 39 22 54 36 17 19 23 15 32 3 10 43 14 47 18 20 7 31 46 8 5 2 24
28 27 22 11 30 14 4 34 40 42 59 56 31 45 44 51 7 20 52 2 50 32 6 1 53 54 13 19 43 0 46 29 37 10 21 26 17 49 15 57 41 33 24 55 23 8 38 9 3 47 16 12 18 39 25
29 40 36 1 3 23 50 48 34 27 55 54 31 12 11 0 7 6 41 20 56 2 22 53 38 16 37 57 21 59 42 8 25 15 28 46 45 19 52 10 33 35 5 49 26 44 47 14 18 30 13 39
30 36 27 4 28 54 33 2 38 44 35 23 0 14 18 51 3 24 16 58 53 22 43 45 41 34 56 21 55 37 32 57 48 46 6 10 47 52 49 15 31 20 11 40 29 13 19 8 50 25 42
31 12 9 46 26 45 29 32 3 58 7 24 28 54 17 52 4 14 2 22 1 33 42 10 50 19 16 11 51 36 15 40 49 0 39 35 47 25 5 53 48 44 23 37 20 55 41 38 43 30 56 8 18 27 57 59 13 6
32 48 13 16 33 2 9 43 55 14 54 15 7 31 0 36 47 40 17 46 58 5 28 25 50 44 26 11 24 30 51 53 27 45 10 49 56 57 37 19 1 39 22 42 6 41 38 35 59 20 21
33 54 13 38 32 15 5 30 2 3 22 40 16 57 8 0 36 37 6 4 52 12 21 42 9 11 1 34 49 23 43 31 35 25 59 14 20 39 41 18 53 55 48 19 29 51 44 28 26 50 45 56 58 7 24 17
34 40 16 57 28 26 27 3 29 45 10 15 41 48 0 33 24 2 22 14 47 42 5 55 36 56 12 54 30 13 46 7 43 19 37 11 44 9 58 38 53 51 49 18 20 6 8 17 21 35 52 50
35 27 54 45 42 17 14 41 40 4 7 36 52 46 55 5 30 9 22 0 49 2 21 39 18 33 16 58 1 12 47 50 10 24 3 44 8 31 26 20 29 25 51 37 59 38 15 6 53 23 32 34
36 30 42 29 23 35 25 33 40 12 9 56 17 39 32 16 43 11 50 48 2 8 14 34 53 31 58 0 3 52 13 20 27 47 54 18 21 24 45 41 1 51 57 15 59 10 6 7 49 37 38 22 26 55 4
37 8 15 3 57 14 11 42 33 16 47 12 2 59 39 41 52 27 51 9 4 19 29 10 22 13 25 38 7 43 44 28 26 30 31 20 54 5 0 34 40 24 45 56 23 6 35 46 21 17 32 48 36 55 58 50 53
38 33 24 20 27 8 22 26 2 49 44 18 30 43 39 59 50 13 23 53 42 10 46 57 29 47 17 25 37 5 14 41 11 7 9 40 31 16 34 58 1 0 3 21 52 48 28 35 6 36 51 32 45
39 26 24 17 41 25 38 54 36 0 43 48 16 47 20 13 37 19 23 55 40 58 35 9 14 45 53 8 33 31 27 49 50 46 6 12 4 11 44 21 7 52 5 18 29 10 56 32 51 3 57 59 28
40 50 59 5 29 34 46 4 23 28 35 53 33 48 57 36 58 16 47 32 14 54 27 39 6 2 24 21 0 31 22 55 10 19 17 3 49 52 12 51 37 38 25 56 1 8 45 30 13 41 43 9 15 42 20
41 12 46 35 45 44 43 25 0 11 4 51 39 21 27 5 22 50 26 59 29 34 13 10 52 19 8 37 57 14 15 54 49 3 9 18 30 17 33 53 38 47 2 7 42 16 28 31 36 48 24 58 55 6 1 40 56 32 23
42 18 36 35 17 15 28 37 59 26 27 14 22 51 6 33 44 52 0 38 25 55 31 43 34 53 5 58 16 56 1 29 8 21 13 19 48 54 24 41 49 45 20 57 9 23 11 10 2 47 46 32 50 7 40 30
43 47 18 23 41 32 2 58 10 3 38 20 12 39 50 36 19 33 8 13 15 59 25 42 14 0 21 22 30 24 44 1 9 37 28 54 57 45 34 56 52 6 31 27 55 53 40 11 17
44 9 25 41 5 38 16 30 59 12 28 17 8 42 27 48 54 50 45 10 53 43 22 35 0 57 47 37 32 52 23 18 31 2 39 33 34 26 29 13 14 58 1 19 15 3 6 56 4 51 55 24 21
45 48 46 1 59 35 6 0 41 17 13 54 31 12 34 28 5 10 22 47 4 44 55 39 3 30 19 26 2 14 53 51 50 18 21 29 43 15 36 37 42 32 25 23 40 56 24 33 16 7 52 9 58 38 20 57
46 45 40 41 16 0 51 7 31 59 52 35 9 57 53 14 5 3 25 50 32 11 38 20 47 6 48 2 54 1 28 23 34 29 39 4 30 21 17 26 22 24 37 8 42 13 19 27 56 18 15 10
47 23 22 43 9 11 3 37 57 40 1 6 32 39 0 59 45 46 2 49 7 34 52 15 17 50 51 35 38 18 24 56 16 26 14 44 31 13 41 21 36 53 25 4 12 30 5 29 20 27 42 19 28 8 10
48 45 55 9 32 22 16 7 58 29 40 23 59 18 26 39 49 24 25 34 0 19 44 36 11 13 54 27 46 51 21 8 33 56 31 14 52 42 30 4 2 50 41 5 6 20 53 38 37 1 15 3 12
49 21 52 38 3 17 26 1 20 48 0 10 5 33 35 16 2 47 11 14 22 41 27 51 7 31 50 55 6 39 40 58 28 15 42 29 54 32 30 25 34 57 36 24 59 19 8 13
50 16 40 26 29 15 20 9 5 11 52 53 54 41 43 38 14 46 13 3 55 4 24 56 25 17 36 31 44 28 47 27 35 49 57 32 2 45 7 8 22 39 12 0 18 21 10 1 48 6 58 51 33 19 23 30 37 42 59 34
51 41 46 56 42 23 8 21 19 24 27 30 53 28 9 14 37 58 49 31 1 47 54 20 48 45 17 59 7 13 25 12 0 40 32 33 3 36 11 22 26 4 50 10 15 35 16 34 44 55 39 38 2
52 23 21 26 3 49 8 14 15 12 35 13 46 50 33 57 27 31 41 20 42 37 28 10 47 25 0 16 2 4 19 36 44 24 18 29 40 48 17 22 43 30 5 9 53 56 55 39 38 59 45 11 6 34 58
53 7 14 27 40 5 2 46 56 50 10 18 20 8 51 38 4 13 58 29 17 24 30 44 42 36 39 28 45 9 41 12 25 11 33 55 31 21 47 16 32 1 15 0 34 19 6 52 48 3 57 43 35 26 22 37
54 35 33 12 15 24 30 32 45 29 3 55 17 39 50 31 9 25 23 40 18 44 10 41 48 5 51 22 28 14 46 20 34 2 27 8 13 6 43 36 42 37 49 26 21 19 59 57 7 16 1 4
55 48 59 21 32 7 29 24 35 54 5 11 2 3 0 14 50 25 39 42 58 22 4 34 45 19 40 56 23 49 27 1 53 33 30 18 16 9 31 26 41 20 12 28 52 43 10 13 51 44 15 37 36
56 24 12 8 14 9 57 51 36 13 28 53 15 20 29 5 17 50 27 2 19 34 42 47 55 30 25 4 48 10 43 6 16 3 1 37 40 32 52 7 31 59 45 23 11 44 33 39 18 46 21 41 58
57 5 13 34 15 37 16 33 3 40 56 46 47 7 14 20 52 6 11 18 10 58 0 41 17 38 19 27 29 21 24 50 44 8 12 25 43 30 2 28 9 42 4 32 36 26 1 54 53 49 31 39 59 45
58 18 26 10 2 4 16 15 7 25 48 43 1 6 17 40 31 9 12 57 13 53 55 39 32 20 3 51 30 35 59 42 21 36 11 49 0 8 14 34 50 38 41 44 33 5 37 22 45 56 24 52
59 19 13 40 45 55 3 27 28 42 46 48 38 44 9 41 37 21 47 43 4 2 58 33 26 20 17 22 29 51 1 0 24 16 6 14 5 54 7 11 56 36 35 52 8 49 15 31 50 39 32 10 57 23
