60
1593
0 21 31 10 37 59 52 5 47 11 26 6 46 9 48 29 58 36 41 51 33 20 12 19 49 27 7 38 54 44 35 43 45 53 1 40 50 24 25 42 8 2 14 56 15 30 23 13 17 32 4 34
1 12 45 26 7 30 48 17 9 33 27 24 51 21 25 29 36 50 10 35 23 5 20 16 3 40 47 56 49 32 34 39 53 11 58 0 38 37 13 42 19 28 55 57 43 2 18 15 46 22 41 31 4
2 3 49 47 51 41 13 18 17 57 16 26 11 20 15 8 31 45 22 9 53 54 56 12 34 27 59 5 14 44 30 50 36 37 4 40 23 25 21 7 38 46 19 28 43 58 33 6 35 1 0 55 29 48 32 39
3 46 2 24 32 7 6 10 4 27 29 28 34 40 14 39 59 51 13 23 35 44 18 56 49 12 43 38 50 21 8 42 1 47 11 33 5 53 31 15 55 30 54 22 48 17 57 19 20 58 41 16 9 26
4 58 8 28 3 20 23 47 36 14 50 54 24 48 45 35 25 5 57 26 59 2 53 33 55 38 16 42 51 18 22 10 11 39 19 7 13 31 29 37 15 52 6 49 43 17 44 46 56 34 1 0 12
5 11 45 55 29 47 40 0 35 38 50 53 33 2 44 58 57 21 41 52 56 4 1 22 12 6 48 37 24 54 15 34 13 7 3 42 9 59 28 17 30 43 32 16 27 51 49 26 14 20 19 8 31 46
6 55 23 3 45 10 18 51 43 0 47 44 32 58 13 17 27 41 35 57 48 19 56 29 16 25 21 38 5 22 34 33 28 14 49 53 52 12 36 42 24 11 20 40 2 4 31 8 15 59 39 30
7 3 10 14 45 21 49 1 41 58 8 53 48 16 56 17 30 0 18 25 26 40 9 54 36 47 55 59 52 11 12 38 5 20 2 27 43 51 31 13 4 29 50 23 44 46 34 35 32 19 22 37 39 24
8 22 37 30 26 24 4 2 39 55 21 7 49 59 53 45 43 17 48 32 40 13 3 58 34 10 18 15 38 50 46 36 33 28 23 25 44 56 11 35 0 42 6 29 9 47 31 12 41 51 5 54 27
9 22 35 17 23 25 28 54 20 36 16 42 29 41 2 38 0 46 19 1 53 14 31 57 51 58 45 59 49 27 12 7 48 44 52 43 21 33 32 39 18 5 47 37 13 11 15 40 8 34 56 3 24 55 30 10
10 7 49 0 3 17 54 6 18 11 41 20 42 55 22 48 47 59 29 50 53 36 1 25 57 15 23 24 32 13 8 28 12 44 16 19 34 35 38 39 4 40 37 14 21 46 30 52 56 45 43 58 51 31 9
11 43 47 5 28 2 20 0 10 36 38 24 49 27 54 15 41 48 16 18 58 51 32 37 59 7 14 45 3 23 53 22 30 40 1 50 44 34 4 31 6 55 9 21 8 19 13 29 42 33 39 52
12 1 13 57 49 33 17 45 37 48 47 22 53 2 54 29 15 40 21 0 24 14 55 43 3 51 42 9 58 50 26 5 16 7 10 25 59 32 36 41 6 44 23 31 8 56 46 35 19 34 4
13 12 2 43 34 20 15 37 58 6 3 25 30 28 35 57 18 32 46 40 38 49 14 51 29 27 8 10 5 17 42 53 26 24 22 21 7 1 4 56 9 16 54 33 11 50 19 31 45 47 59 0 36
14 7 17 16 23 15 21 3 47 33 4 48 36 19 9 27 2 49 38 12 24 25 53 55 50 22 59 30 13 11 43 6 35 34 45 39 44 46 57 28 56 32 29 58 41 18 0 10 51 26 40 31 37 5 42 52
15 39 24 2 14 37 13 43 17 41 26 18 47 52 12 30 11 27 58 48 31 16 46 57 32 21 28 10 54 35 49 5 51 29 8 3 55 44 36 22 4 9 59 34 6 56 1 0 45 25 23
16 49 27 2 19 20 14 22 52 58 9 32 18 41 43 51 29 17 7 11 47 26 15 6 53 37 34 28 1 12 50 38 21 31 48 59 4 10 44 45 25 13 57 24 5 36 23 33 56 39 40 3 55 46 35
17 34 9 35 2 29 52 53 10 14 55 1 18 12 26 27 15 6 40 33 16 48 7 24 39 56 28 50 32 36 49 44 8 51 38 57 30 13 46 58 31 23 54 5 47 42 21 22 41 3 4 37 19 25 0 20
18 42 2 38 55 6 26 17 10 16 28 49 47 19 15 51 3 50 13 36 39 31 7 11 37 23 24 57 21 43 45 52 32 46 54 59 41 8 33 40 9 34 29 4 56 27 25 53 14 22 58 1 20 35 48 44
19 57 45 55 16 23 33 25 21 9 41 59 48 56 18 50 38 20 14 49 44 0 54 53 22 6 30 51 26 42 58 29 35 46 28 52 36 32 10 2 43 40 4 1 24 11 13 47 3 17 27 37 34 12 7 5
20 45 49 46 4 34 2 16 11 13 9 58 10 52 25 19 57 21 30 22 32 0 47 56 44 24 39 35 1 23 41 43 26 53 29 28 7 40 31 6 42 59 36 33 37 38 50 18 3 5 17 48
21 29 0 35 44 7 42 39 32 58 23 14 33 19 8 47 28 20 56 57 12 26 51 37 1 31 5 53 34 36 15 6 3 18 38 16 9 24 50 2 40 27 54 48 59 22 30 41 13 43 17 11 46 45 10 25 55 52
22 9 8 35 34 24 41 52 25 16 26 32 2 31 38 10 12 20 58 53 28 43 19 23 14 44 5 6 37 27 33 36 40 46 54 11 42 57 21 4 13 56 48 29 15 17 51 39 3 59 18 1 55 50 45 7 30
23 41 6 48 9 43 38 30 4 19 42 14 52 21 26 3 57 24 22 18 54 1 36 56 50 59 10 55 20 45 2 11 25 29 17 8 53 34 58 51 7 46 12 40 16 27 33 0 44 39 15 49
24 3 34 8 22 33 15 49 54 28 11 25 4 1 17 45 12 37 23 14 31 20 18 40 42 58 38 10 5 55 52 21 51 50 29 43 13 30 0 6 48 44 56 19 57 53 47 16 35 41 46 32 36 9 7
25 37 9 45 22 56 19 26 24 13 20 59 50 1 14 7 10 54 53 4 28 6 41 33 39 36 40 27 2 29 58 12 31 55 23 34 35 46 57 30 43 16 8 0 18 52 42 38 21 15 32 17 47
26 46 8 1 2 49 18 0 22 17 23 41 25 15 56 30 39 21 50 16 7 48 33 57 12 19 27 4 44 47 51 29 32 54 59 20 45 58 37 42 53 13 34 28 36 14 5 52 3
27 28 47 16 50 3 31 17 56 11 6 52 2 32 1 46 14 39 0 49 15 48 44 40 36 9 29 58 13 26 33 25 22 54 59 34 21 37 7 42 35 43 53 18 5 19 23 38 57 41 45 8 51
28 27 50 4 9 11 58 40 3 37 24 18 44 31 13 21 45 42 59 22 17 29 47 48 25 15 35 16 55 32 56 20 10 19 6 36 46 52 57 5 26 14 2 8 33 1 39 43 34 38 51
29 21 38 5 17 3 49 56 9 52 35 53 16 0 37 42 12 40 10 1 30 28 6 13 27 31 19 26 25 20 55 24 15 58 51 39 54 18 23 34 33 14 59 7 50 22 4 47 36 41 32 8 2 11 46 44 57
30 35 38 8 23 51 1 32 13 20 26 33 7 15 2 19 14 40 29 52 49 34 46 50 17 47 39 58 45 11 31 59 37 25 56 55 21 48 5 24 42 54 36 3 44 10 0 43 53 6 41 22 9
31 0 49 27 56 2 22 44 43 28 9 48 18 21 24 15 51 58 46 32 37 45 29 40 38 59 35 16 47 55 25 34 3 17 57 7 30 33 42 41 20 11 4 13 6 8 12 39 14 53 1 10 5
32 3 56 48 21 30 37 47 33 16 22 51 58 6 44 34 27 20 36 13 45 54 17 42 38 15 31 8 49 11 18 10 53 26 9 28 41 1 19 40 12 46 43 55 50 35 14 5 29 59 24 2 39 7 25 0
33 50 24 12 19 41 32 14 21 46 17 5 55 1 0 30 26 57 25 27 42 22 37 4 9 6 3 35 18 44 49 31 34 58 48 8 29 59 53 43 28 38 54 40 2 13 20 51 45 16 47 23 11 52
34 17 24 22 20 13 3 39 59 58 32 2 35 54 38 46 48 49 21 16 42 45 30 40 6 44 51 8 5 50 27 31 1 25 10 37 14 18 26 33 55 29 11 41 23 56 53 15 7 28 19 9 43 36 4 12 0
35 30 9 54 21 17 22 5 29 34 3 13 6 40 43 46 49 44 4 52 1 28 55 20 15 41 31 19 53 0 37 33 50 14 25 59 10 27 39 38 36 32 51 57 2 24 47 8 56 42 12 45 58 18 7 48 16
36 50 59 40 53 46 4 9 11 0 14 48 32 18 1 10 37 17 52 27 2 21 7 23 42 25 47 22 51 43 19 55 28 12 8 49 35 6 15 26 54 29 30 20 38 56 16 45 41 58 34 13 24
37 44 57 8 51 43 25 0 42 52 58 32 56 15 12 13 28 40 29 55 21 24 39 18 36 50 31 16 2 47 11 38 5 46 22 33 35 59 26 27 34 30 53 1 9 4 45 10 20 49 17 14 19 54 41 7
38 30 29 41 23 18 11 9 48 22 5 43 19 44 56 34 39 55 14 54 13 32 53 3 24 0 17 31 50 6 37 21 16 40 49 4 7 2 8 58 35 10 57 59 1 46 33 52 42 36 20 25 27 28 51 47
39 15 21 53 34 8 3 48 26 40 38 17 27 44 18 37 50 47 49 57 20 59 41 52 25 46 9 43 30 51 1 29 14 35 10 55 4 28 54 22 31 32 6 58 2 16 11 23 7
40 59 53 36 5 28 56 3 47 51 58 37 17 39 12 29 35 43 13 50 49 55 27 30 24 7 8 31 25 34 38 1 2 22 57 21 46 54 18 32 41 11 52 20 19 0 42 44 6 33 10 9 23 14 16
41 23 2 38 22 59 56 7 33 10 42 9 26 16 19 15 6 0 52 51 55 53 57 11 5 50 45 39 25 20 35 32 18 40 47 12 44 31 21 34 54 17 29 14 46 24 58 49 1 36 8 27 3 37 48 30
42 18 57 37 21 23 44 43 9 41 10 48 59 49 29 28 12 32 50 58 24 34 36 19 3 33 13 56 51 5 53 22 4 26 27 31 45 6 40 17 30 54 1 20 0 55 38 8 25 35 11 14
43 11 37 23 13 46 54 6 15 42 16 38 31 40 35 22 12 8 3 50 18 20 9 39 14 0 36 24 7 49 32 19 48 25 27 33 47 2 44 21 5 1 56 4 28 59 34 53 30 10 52 57 55
44 37 21 57 42 6 50 31 32 28 38 3 19 5 2 39 20 46 27 35 45 17 22 9 53 51 26 52 0 34 48 33 10 54 56 14 11 41 16 15 58 43 8 40 24 59 7 12 4 29 30 47 23 49 18 55
45 51 20 5 7 19 1 47 6 25 54 12 2 48 28 8 24 9 32 49 4 44 57 41 31 34 18 23 11 26 0 30 14 53 42 16 56 55 37 58 13 46 33 59 21 36 35 15 10 22 27
46 3 26 53 20 58 55 43 36 0 33 9 52 59 34 27 51 35 13 44 56 15 31 30 37 39 18 54 19 57 22 17 48 40 2 28 8 25 32 14 49 50 47 38 21 23 41 7 24 45 1 29 10 12 4 16 5
47 11 2 27 56 51 45 5 49 55 0 4 32 40 6 14 21 18 12 15 59 10 48 20 16 50 39 28 53 58 7 37 36 26 3 30 1 31 41 17 43 46 9 29 24 35 19 57 8 13 52 33 44 38 25
48 23 50 32 1 56 38 39 12 0 42 19 10 14 45 36 7 17 47 31 6 11 34 27 4 15 54 26 28 49 8 9 5 16 44 46 55 51 21 43 33 30 22 24 57 3 52 53 2 59 18 41 20 35
49 2 16 10 20 7 31 29 47 12 26 24 18 8 11 42 58 19 57 14 0 45 35 27 52 51 3 34 40 17 13 39 9 48 30 32 15 1 38 54 6 33 53 43 36 46 55 56 59 4 5 50 37 41 44 23
50 33 36 28 27 56 48 54 44 4 5 19 25 26 18 58 17 40 10 14 39 47 1 41 42 37 2 3 23 12 38 43 16 30 53 21 24 34 35 57 8 32 51 11 59 46 0 29 7 13 52 49 22 20
51 45 2 37 47 30 53 6 32 54 40 16 3 18 0 41 9 56 21 46 1 49 12 31 11 57 19 13 17 44 58 26 34 36 24 42 39 15 48 55 29 7 4 50 35 22 23 5 33 14 59 38 8 10 27 28
52 17 0 37 22 23 16 20 29 46 27 41 15 49 57 5 36 30 56 35 39 7 18 44 24 9 19 53 28 6 40 59 55 38 4 25 48 58 50 47 10 11 43 21 54 26 14 33
53 57 46 40 58 17 36 51 55 39 54 2 9 29 8 12 5 7 41 22 19 10 14 21 38 25 16 47 44 4 50 32 35 20 3 52 11 6 42 13 26 49 1 45 37 0 27 33 23 56 24 34 18 48 43 31 30 59
54 35 9 45 10 43 50 24 51 53 4 2 12 34 55 11 57 19 32 38 48 25 7 23 15 0 5 18 46 26 27 49 22 21 40 44 29 59 17 36 42 30 33 41 13 39 3 56 37 58 8 52
55 6 5 19 46 18 17 47 53 8 10 37 33 54 41 38 57 12 14 40 35 7 23 56 28 24 4 59 31 29 48 25 36 51 32 34 30 39 15 52 11 45 49 3 1 42 2 22 21 16 9 43 44
56 47 32 50 31 48 40 41 37 25 29 58 27 26 19 2 57 38 21 51 7 3 17 20 6 46 5 52 23 59 55 1 28 42 44 30 18 14 53 22 45 13 24 8 49 34 43 35 54 36 0 15 12 16 9 10 4
57 37 53 19 44 2 42 12 20 56 23 9 59 49 21 54 13 41 6 55 5 52 15 26 51 10 33 45 39 18 4 17 40 46 22 50 31 28 25 38 14 35 24 48 16 1 47 3 29 27 43
58 4 53 46 28 37 7 16 21 20 32 40 56 13 6 0 34 49 22 9 50 5 15 11 59 31 42 12 24 27 47 51 8 19 25 26 17 30 29 38 33 1 14 44 2 23 45 52 18 41 35 3 39 36 10 54
59 40 36 0 41 34 19 3 8 42 47 25 57 2 46 10 28 14 9 58 39 23 7 56 4 11 31 55 26 18 27 16 12 37 35 30 5 52 54 38 21 50 33 29 20 15 44 49 22 51 45 32 43 48 13 6 53
