60
885
0 40 14 56 47 53 32 36 17 35 49 10 41 46 6 1 42 15 13 48 33 37 39 57 34 50 9 55
1 44 41 53 29 31 56 21 22 36 54 11 33 40 34 2 0 15 58 35 4 39 12 7 24 20
2 39 18 58 11 38 41 36 5 29 13 3 19 51 35 12 27 1 22 46 14 42 8 54 21 56 57 45 28 43 53 10
3 23 16 36 35 9 47 10 24 19 25 29 59 55 2 37 26 14 17 27 50 40 46 42 57 34 31 8 32 43 20 44 5
4 10 40 25 24 28 52 18 36 49 14 15 54 16 58 59 19 20 47 26 11 9 1 44 6 31 33 46 42 51
5 37 51 21 35 55 43 45 36 56 2 20 40 53 44 52 7 25 32 19 34 14 29 48 30 31 33 59 17 23 28 13 3 11 54 12 41 39 15
6 57 28 34 11 22 46 27 49 38 23 12 20 51 8 0 58 21 30 9 48 13 18 43 55 4 19 59 14 32 42
7 52 9 17 8 53 26 15 19 5 42 48 25 32 27 16 50 23 20 29 14 31 56 54 39 59 37 18 47 10 36 55 33 43 24 58 13 22 1
8 48 28 19 7 33 47 34 11 46 53 13 43 54 37 24 44 16 10 55 6 27 50 2 36 3 20 45
9 15 7 38 45 3 49 20 51 22 31 50 53 58 37 13 18 19 6 4 52 32 55 0 16
10 4 39 13 41 38 45 3 27 44 48 33 28 8 17 0 54 55 35 42 56 15 7 22 31 40 58 46 32 2 50
11 20 44 6 26 17 2 28 50 8 58 27 13 29 49 1 21 39 57 18 32 38 52 16 40 4 35 19 5 33 15 14 23
12 51 47 44 36 15 34 6 55 45 21 23 27 2 46 53 41 20 13 31 54 57 1 35 19 5 18 59 50
13 14 59 56 10 28 36 38 54 55 42 25 8 11 2 22 37 21 29 47 24 32 17 58 9 20 41 50 39 30 52 0 6 12 44 5 35 31 23 51 43 7 16
14 13 57 27 0 29 50 59 20 49 4 54 45 3 7 5 21 58 22 44 55 2 36 56 35 24 37 41 38 34 6 19 15 11
15 25 21 9 34 54 46 7 33 30 16 29 43 32 4 12 18 37 53 44 57 1 31 0 47 10 59 58 55 36 26 14 35 5 11 23 41
16 3 23 50 37 15 4 58 7 8 35 49 11 54 31 43 51 34 59 53 21 25 29 26 41 13 57 9 27
17 20 7 11 36 39 53 19 28 58 3 22 13 0 10 29 38 42 41 59 49 5 52 32 56 45 44
18 2 4 55 43 47 58 44 15 25 11 48 9 52 7 28 21 35 59 6 31 49 32 37 45 20 19 40 30 24 51 12 36
19 45 8 43 37 7 34 3 27 17 58 55 30 5 21 2 50 51 24 4 29 28 9 41 22 42 33 23 11 18 6 14 12 47 38
20 11 17 39 32 45 49 40 5 9 14 35 28 36 6 7 21 42 4 38 46 13 55 22 12 8 23 18 51 3 31 59 25 56 26 57 58 1
21 15 5 54 50 58 27 40 1 26 13 45 11 43 48 12 19 20 14 30 6 23 24 18 44 57 51 33 28 38 2 55 16 42 39 59 35 31 47 41 53 32 36 34 56
22 58 6 51 23 13 1 24 9 26 55 17 59 35 14 56 40 2 47 36 20 19 32 30 38 10 52 31 27 7 57 45 43
23 3 43 28 16 22 6 32 38 44 7 12 50 52 41 56 31 21 55 24 53 5 19 20 35 13 36 40 15 25 11 57
24 4 32 3 54 41 22 8 43 13 19 34 31 30 21 26 23 46 14 25 39 18 55 7 27 28 1
25 15 4 58 47 3 13 5 7 35 38 18 27 57 49 30 32 54 24 16 34 45 55 52 36 20 26 23 43
26 11 7 21 39 3 22 43 36 28 31 29 4 37 24 47 40 41 51 16 33 15 35 32 25 20 55
27 56 14 53 6 21 11 42 19 10 35 7 30 43 59 29 25 3 12 2 8 34 50 41 52 51 24 22 55 31 48 58 16
28 6 49 8 4 23 13 11 17 20 30 10 26 47 19 48 58 18 50 57 21 44 54 5 51 43 2 46 59 24
29 48 14 1 38 41 3 2 39 15 11 50 32 44 36 13 7 27 19 26 53 5 17 57 16 49 55 37 45
30 40 31 15 38 33 59 27 28 19 53 21 24 5 6 13 25 22 18
31 40 30 51 58 1 48 9 53 26 7 24 23 5 15 32 16 34 55 3 18 12 13 20 10 21 46 4 22 57 56 54 27 39
32 24 20 47 44 42 0 38 23 7 15 59 29 5 13 11 48 31 53 50 22 18 25 3 9 58 17 34 6 36 26 21 10 45
33 8 15 35 36 30 10 1 40 48 39 38 52 54 49 5 21 57 19 0 34 7 44 11 4 26 37 42
34 42 15 6 8 19 48 49 46 12 5 24 1 27 55 53 31 3 16 41 33 54 25 14 0 32 47 57 21 39 38
35 49 5 3 39 52 33 43 20 27 51 25 54 16 41 0 2 22 45 1 18 10 11 14 53 13 59 40 23 21 12 36 26 15 47
36 40 17 3 4 13 5 2 33 1 20 0 12 29 26 41 56 39 49 14 22 46 8 47 53 7 15 35 58 25 23 32 21 45 18
37 5 38 19 16 58 44 13 3 59 8 9 15 57 47 7 26 51 0 14 18 33 40 41 29
38 9 37 2 29 10 13 32 6 30 56 23 41 59 25 11 20 33 17 54 21 22 39 14 42 19 58 34
39 2 20 10 40 35 53 17 29 26 47 56 11 54 36 7 33 13 50 58 45 1 0 21 38 24 46 5 42 34 31
40 4 0 31 30 36 39 20 5 21 42 33 55 41 1 56 22 3 43 11 26 48 35 18 10 44 37 23
41 1 10 2 29 24 38 36 49 35 50 43 40 23 0 13 27 17 12 19 34 26 44 14 16 5 21 37 15
42 34 32 47 13 51 27 7 40 46 53 57 43 20 0 17 3 55 2 10 19 21 54 38 4 6 33 48 39
43 23 19 5 35 15 18 8 21 24 26 59 27 42 41 54 56 40 47 16 6 3 28 7 2 13 51 46 25 22
44 1 11 32 45 50 57 5 12 10 37 55 29 23 18 8 15 14 53 21 41 13 4 28 47 3 33 46 40 48 17
45 19 59 9 10 44 5 20 21 12 14 35 39 52 47 53 54 18 57 2 25 8 17 36 51 32 29 22 55
46 15 8 6 34 42 55 0 20 3 12 2 59 24 36 31 53 39 10 44 4 28 51 43
47 12 8 32 57 0 3 42 25 18 39 13 28 51 4 37 43 22 15 26 7 45 36 44 21 19 56 34 35
48 8 29 31 34 7 21 10 56 50 33 18 28 32 5 54 6 0 40 44 53 27 52 42
49 35 28 4 20 9 56 6 14 34 11 41 16 0 36 33 25 17 18 58 29 57
50 21 57 16 14 11 44 29 9 56 7 19 48 23 41 3 59 13 8 27 39 28 32 0 54 10 12
51 5 12 31 22 42 9 35 58 2 19 47 6 52 21 16 37 26 20 28 27 53 18 13 43 4 46 45
52 7 4 35 53 5 23 51 11 33 18 13 45 9 17 22 27 25 59 48
53 1 7 27 0 52 39 8 17 5 31 42 9 15 29 30 58 34 44 12 32 57 23 35 16 45 36 46 51 2 21 48
54 15 21 13 24 8 1 4 14 57 39 35 7 10 43 33 16 38 55 48 2 12 28 25 45 59 34 42 31 5 50
55 5 18 13 58 3 44 19 22 12 46 8 40 34 54 10 14 23 42 20 31 21 6 7 25 15 24 9 29 27 59 26 0 45
56 27 13 0 5 1 49 59 38 39 50 48 36 7 40 23 22 43 14 10 2 31 17 47 20 21
57 14 6 50 47 44 54 42 37 11 15 25 21 53 3 28 33 45 12 2 29 0 31 49 22 34 20 16 23
58 22 2 25 31 21 37 11 55 19 18 51 17 16 9 4 14 53 13 6 28 1 39 49 32 15 10 7 36 38 27 20
59 13 45 14 56 3 30 32 37 38 43 27 22 4 7 50 18 46 5 17 16 35 15 21 54 6 20 28 52 55 12
