60
177
0 17
1 28 31 59 36 48 23 44 50 19 52
2 41 48 16 6 55 14 31
3 59 19 9 17 48 30 20
4 50 11 25 35 17 30 42 44 19
5 33 59 12 46 50 51 13
6 45 21 34 57 31 2 40 25 27 19
7 36 35 58 49 22 15 46
8 58 38 14 56 12
9 14 33 3 56 44 51 21
10 21 23 54 49 52
11 42 4 57 22 29 56 49
12 38 47 5 44 21 50 54 17 8 32 37
13 16 21 46 53 5
14 9 22 49 8 2
15 16 47 41 17 7
16 52 15 2 35 13 40 36
17 3 23 4 15 12 0 18 42
18 17 39
19 3 57 59 1 26 28 6 4
20 29 3
21 49 10 6 12 58 29 13 9
22 14 7 51 11 43 37 30
23 43 39 10 1 38 17 55
24 59 40 56
25 4 41 6
26 19 37
27 28 58 45 6
28 42 47 1 27 57 37 44 19 30
29 52 11 21 56 51 42 20
30 3 43 4 48 28 22
31 1 45 6 2
32 39 12
33 51 5 9 50
34 6 39 49
35 7 16 50 4 47 45
36 40 7 55 1 46 16
37 44 41 28 50 46 22 26 12
38 8 12 23
39 23 48 32 34 18
40 36 42 45 24 16 6
41 2 37 15 52 25
42 45 28 44 40 11 29 4 51 17
43 23 30 22
44 42 46 12 37 28 1 9 4
45 42 31 6 40 27 52 50 35
46 44 5 37 36 13 7
47 28 12 15 35
48 49 1 39 3 2 30
49 21 14 48 7 10 34 11
50 4 58 37 33 35 12 45 1 5 55 54
51 33 54 22 29 5 9 42
52 56 29 16 41 45 10 54 1
53 55 13
54 51 10 12 50 52
55 36 53 2 23 50
56 52 8 58 11 29 9 24
57 28 19 11 6
58 8 27 7 50 56 21
59 3 5 1 24 19
