60
177
0 15 8 38 25 7 22
1 53 4 40 35 16 49
2 9 35 49 46 40 55 10 3 17
3 25 55 2 31 8 52 56 26
4 54 1 42 24 20 25 56
5 15 6 48 50 55 9 14 11 29 58 20
6 5 42 8 16 13 37 28
7 29 8 0 43 12
8 0 6 19 3 7 43 42 18
9 29 2 20 19 41 5 50
10 19 37 2 25 54
11 57 56 5
12 28 50 15 7 48
13 35 28 14 6 57 41
14 38 19 13 49 45 5 51 26
15 5 0 12 57 35
16 37 25 6 1 56 50 42 22
17 45 55 48 28 2 32
18 31 21 48 8 41
19 10 14 9 55 8 29 27 56 22
20 9 30 51 4 5
21 43 34 18 28 46 25 38 27
22 47 38 33 0 19 16
23 28 48 26 58 49 45 24
24 37 4 23
25 58 3 16 0 10 35 21 4
26 23 34 42 40 14 43 3
27 41 47 19 28 21
28 50 23 13 12 17 21 27 35 6 42
29 9 49 7 51 56 55 19 5 52
30 36 55 20 51 43 31
31 18 50 3 41 30
32 37 41 48 17
33 46 54 22
34 21 26
35 13 51 2 50 1 25 28 57 15
36 30 38
37 16 24 10 32 6 57
38 14 0 59 22 36 40 21 45
39 57
40 45 49 2 1 26 38
41 27 54 47 9 32 31 13 18
42 6 4 26 8 49 16 28
43 21 7 8 54 30 26
44
45 40 46 17 14 23 38
46 2 33 45 21
47 22 27 41
48 23 5 17 32 18 12
49 29 40 2 14 23 1 42
50 28 31 35 5 12 9 16
51 35 54 29 30 20 14
52 3 29
53 1
54 41 4 51 56 43 33 10
55 19 3 30 2 17 5 29 56
56 29 59 54 55 3 11 16 19 4
57 39 11 37 13 15 35
58 25 59 23 5
59 58 38 56
