60
177
0 33 43 32 44 42 11 14
1 49 55 4
2 37 50 5 32 42
3 8 39 33 51 21 6 47 25
4 9 34 38 1 17 33 35 20 8
5 53 42 6 7 45 2 34
6 55 5 48 57 41 43 20 3 8 44 29 34
7 44 5 59 10 12
8 3 48 16 6 59 4
9 47 4 25 27 19 56 26 20
10 18 21 51 7 44 43 58 50 20 14 27
11 22 27 52 32 0
12 26 51 46 7
13 24 51 55 41 40 53 49 59 17
14 21 30 45 10 0
15 28 42 33 54
16 18 8
17 52 39 4 13
18 16 10 45 31 53
19 9 44 34 46 21 59
20 35 6 57 45 47 4 10 9
21 10 3 14 59 52 32 19
22 29 11 25 38 37 41
23 45 37 31 58 57 44
24 57 13 42 45 58 27
25 9 3 22 34
26 12 42 32 52 9 33 57
27 11 9 54 29 24 41 10
28 15 58
29 22 51 31 27 6
30 14 40 50
31 41 43 18 29 54 23
32 0 26 50 2 11 21
33 0 3 15 4 59 26
34 54 4 59 48 5 19 25 6
35 44 20 52 4 56
36 47 52 41
37 2 56 23 22
38 46 41 4 40 22 39 59
39 3 17 47 38
40 46 38 45 13 30
41 38 31 6 13 36 27 22
42 15 5 26 0 24 55 2
43 49 0 6 59 10 31 48
44 35 7 19 10 0 6 23
45 5 20 18 23 40 24 52 14
46 38 40 49 12 19
47 54 9 55 39 51 50 36 20 3
48 6 8 34 43
49 1 43 46 13
50 47 2 10 32 30
51 3 10 12 13 47 29 54
52 17 35 11 36 26 45 21
53 5 18 13
54 47 34 27 51 31 15
55 1 47 6 13 42
56 37 9 35
57 24 6 20 58 26 23
58 28 10 57 24 23
59 7 43 34 21 33 13 8 38 19
