60
177
0 30 57 9 22 2 49 55 41 24 5 19
1 4 57 26 10
2 46 58 8 37 0 55 31 59
3 43 16 20 7 35 33 19 10 50 47 22 57
4 1 28 15 16 47 13 6 40 7 55 42 23 51
5 45 37 30 13 10 27 40 52 0 46
6 39 18 4 30
7 3 42 55 11 4
8 14 2 18 51 55
9 55 0 24 29
10 27 57 48 16 3 1 5 17 41 20 13 11 59 26
11 30 28 20 38 58 7 10 51 43 15
12 40 16 31 51
13 51 34 33 4 5 10
14 22 8 36 49 15 44
15 4 33 50 54 20 24 14 11
16 53 3 4 24 10 12 38 35
17 10 52
18 40 6 32 38 8 53
19 3 42 22 54 51 0 33
20 3 37 11 40 35 33 15 10 30 26
21 26 41 43 57 22
22 14 48 38 0 36 3 19 21
23 30 4
24 31 37 49 16 9 15 36 0 59 56
25 59 57
26 1 21 46 20 10
27 10 5
28 4 11 49 50 45
29 31 48 39 9
30 11 23 0 5 50 51 20 6
31 24 29 12 2
32 18
33 38 13 53 3 15 20 57 19
34 57 13 58
35 3 53 20 16
36 51 46 14 22 24
37 20 5 24 2 55 50
38 33 22 11 54 18 16 41
39 6 29 44 40 59
40 12 18 20 57 5 4 39
41 21 10 0 38
42 7 19 4 59 56
43 3 44 21 11
44 43 39 14
45 48 5 28
46 2 36 57 26 5
47 4 3 50
48 45 22 29 10
49 14 28 24 0
50 15 30 3 28 37 47 56
51 36 13 30 52 11 19 12 55 8 4
52 51 5 17
53 16 33 35 55 18
54 38 15 19
55 9 57 37 2 7 0 4 53 51 8
56 50 24 42
57 34 0 1 55 10 25 40 46 21 33 3
58 2 11 34
59 25 2 10 24 42 39
