60
177
0 48 15 16 56 25 10 49
1 52 17 42 40 49 23
2 22 3 42 25 46 21 30 38
3 52 2 4 55 49 17 43 50 23 58
4 14 53 37 39 3 27 12 24 7 56 30 13 17 42 10
5 15 26 9 56 20 38 49 7
6 27 20 19 16 44 30
7 16 13 4 50 37 57 56 5 29
8 29 18 36
9 47 45 36 5 24
10 14 13 0 31 51 4 28
11 45 24 43 56 23 52 39
12 29 51 4 56 47
13 32 18 10 54 7 21 4
14 34 4 10 59 58 25
15 5 0 28 53 48 17 22
16 21 7 0 58 25 6
17 1 20 56 58 51 3 15 47 4
18 48 13 8 31 44 40
19 52 6
20 24 6 54 17 50 36 21 37 41 5
21 42 16 37 46 29 13 20 34 2 38
22 2 39 58 46 15
23 41 34 46 37 11 50 3 54 1 32
24 20 11 4 9
25 43 2 14 0 16 26
26 56 5 47 43 36 30 40 25
27 6 4 55
28 59 57 15 37 10
29 8 12 21 58 7
30 4 26 2 52 6
31 54 47 18 57 10
32 13 23
33 59 41
34 14 23 21
35 44 42
36 9 26 20 8
37 21 4 58 7 23 20 28
38 59 5 2 21
39 4 54 50 22 11
40 51 1 56 26 18
41 43 57 23 51 20 54 33
42 21 47 2 43 1 53 35 59 4
43 41 42 25 26 11 54 3
44 35 58 18 6
45 9 11
46 21 23 2 53 22
47 9 42 26 31 17 12
48 18 0 15
49 3 1 0 59 5
50 20 39 7 3 23
51 40 12 41 17 10
52 19 3 1 11 30
53 4 42 46 15
54 31 20 13 39 43 41 23
55 3 27
56 26 5 17 0 40 11 4 12 7 57
57 41 28 31 7 56
58 37 14 44 17 29 16 22 3
59 33 14 28 38 42 49
