60
177
0 46 12 54 7 16 28 34
1 41 46 21 24 59 11
2 42 10 31 25
3 38 52 20 18 26 32 5 27
4 12 29 55 7 50 41 44 56 23
5 21 48 33 3 28 22 38 59
6 56 10 8 30
7 56 4 51 8 13 35 0 58 47 20
8 7 13 6 42 37 51
9 59 23 57 42 41 43
10 28 17 6 42 31 2 32 48 47
11 22 14 1 29
12 36 4 0 35 29 55 50 41 37
13 8 18 7
14 58 16 18 24 11 38 34 17 40 36 59 27
15 30 26 32 38
16 36 14 0 55
17 55 10 27 25 14 42
18 22 13 14 3
19 22 41 45 44 29
20 41 3 33 7 36 49
21 5 44 1 25 27 37
22 19 26 18 11 44 32 5
23 9 43 57 29 4 35 28
24 43 34 58 50 14 35 1 31
25 36 51 42 49 47 21 17 54 48 2
26 22 15 3 27
27 38 17 21 3 37 26 33 14
28 10 51 58 39 40 0 5 23
29 56 4 48 12 19 33 23 39 11
30 15 6
31 55 10 2 24
32 15 3 10 51 22
33 52 49 29 5 20 27
34 39 24 14 42 0
35 12 7 24 23
36 16 49 12 59 25 50 44 20 14
37 57 45 27 12 21 8
38 27 3 43 50 15 49 14 53 5
39 34 28 29
40 42 28 14
41 19 1 20 4 9 58 12
42 40 56 2 10 9 25 17 52 34 8 54
43 24 38 23 47 9
44 53 19 21 47 22 4 36
45 19 37
46 0 1
47 25 44 7 43 10
48 55 29 5 25 10
49 36 25 38 52 33 20
50 54 36 38 24 4 12
51 28 7 25 32 8
52 3 33 49 42
53 44 55 38
54 50 0 25 42
55 17 4 48 31 53 12 16
56 29 6 7 42 4
57 37 9 23
58 28 14 24 7 41
59 9 36 1 14 5
