60
177
0 34 50 12 45
1 42 6 45 24 40 23 18
2 53 46 45 43 25 42 55 12
3 56 20 40
4 58 9 37 13
5 38 56 57 7
6 44 18 34 1 41 16 12 33
7 54 23 42 37 9 5 57 12 43 29 45 38 30 26 20 41
8 49 10 25 54 22
9 22 7 46 4 35 49
10 8 42 11 36 28 44 17
11 56 10 39 51 34
12 0 56 7 18 17 19 42 13 2 45 6
13 36 12 4 52 29
14 17 39 48 30
15 25 34 57 21 48
16 46 37 47 55 6
17 56 25 49 14 53 58 28 55 12 10 32
18 29 6 22 12 1
19 12 35
20 38 23 3 58 25 34 57 7
21 51 25 15
22 9 29 31 18 8 24 37
23 7 20 31 40 59 1 42
24 33 22 58 48 1
25 17 15 8 26 2 21 46 20 50
26 25 7 32 36
27
28 48 17 44 42 32 10
29 36 41 58 18 22 7 52 47 13
30 41 7 43 55 14
31 22 23
32 28 50 53 42 26 17 37
33 44 24 54 56 6
34 15 0 6 58 20 53 55 11
35 54 47 9 19
36 29 13 48 49 10 44 51 26
37 50 7 16 22 4 32
38 5 20 55 7
39 14 41 11 47
40 3 23 1 52
41 29 30 39 6 56 7
42 7 1 45 10 2 47 28 12 32 23
43 2 7 47 30
44 33 6 28 50 36 10
45 2 42 7 1 12 0
46 16 2 9 58 25 47
47 35 16 49 43 42 46 29 39
48 28 53 36 24 51 14 15
49 17 8 36 47 9
50 37 0 53 44 32 25
51 21 48 11 36
52 56 29 13 40
53 2 48 17 50 32 34
54 7 33 35 8 57
55 56 16 38 17 2 30 34
56 17 52 5 3 55 12 11 33 41
57 5 7 54 15 20 59
58 29 4 46 34 17 20 24
59 23 57
