60
1593
0 36 17 2 38 11 16 3 7 52 56 51 12 30 35 31 5 55 13 34 25 10 32 58 4 59 47 1 22 53 37 57 28 23 6 49 29 42 9 40 19 44 41 43 48 27 20 8 21 14 24 39 54 15
1 17 30 35 58 21 52 37 12 23 19 33 57 15 55 11 50 41 5 25 47 38 44 26 56 43 24 0 10 18 34 42 29 31 7 3 14 13 6 54 2 4 28 39 59 40 20 45 8 51 36 22 49 16 53
2 6 0 49 47 3 22 11 34 57 14 16 52 13 30 35 51 33 21 55 40 29 5 9 59 12 23 46 32 50 31 8 44 38 4 18 53 10 42 48 28 1 54 25 56 37 41 26 58 19 15 17 43 27
3 36 55 41 47 13 2 21 0 18 49 30 54 19 14 22 35 48 20 57 7 51 8 59 56 16 58 25 32 6 38 27 29 53 1 11 45 52 28 4 50 34 24 42 44 17 9 37 33 39 26 31 10 15 43 40
4 7 26 20 36 12 15 56 18 59 27 21 48 45 10 57 58 29 0 46 53 2 47 30 24 19 31 33 3 1 37 23 32 13 6 42 40 28 17 34 39 35 54 25 55 44 14 41 11 43 9 51
5 20 9 8 26 23 30 17 11 52 33 16 56 0 29 59 53 7 2 45 10 1 36 37 47 32 48 39 50 14 44 58 15 22 28 34 12 55 46 13 35 27 49 25 40 31 19 24 21 51
6 2 49 54 53 10 24 41 55 18 27 56 38 36 58 13 43 26 11 52 37 25 57 15 14 17 7 59 22 3 30 12 34 0 9 31 1 42 45 19 4 16 44 48 33 51 8 28 29 35 40 46 39 50
7 34 4 33 15 45 53 0 22 38 39 56 8 47 17 21 16 37 29 32 51 5 42 57 23 52 3 10 24 14 6 48 27 43 1 19 55 35 9 26 13 11 20 41 46 30 59 31 25 36 44 18 50 49
8 35 5 46 51 30 7 18 21 22 42 33 32 53 34 3 48 31 37 43 59 2 12 28 29 14 17 16 57 55 38 25 40 26 47 0 56 23 6 24 13 1 41 10 49 27 15 54 45 58 19 36 39
9 26 5 14 15 12 27 11 50 58 45 20 52 18 47 31 32 2 25 30 57 53 35 19 36 24 37 54 46 59 33 6 28 22 7 0 29 13 48 55 44 41 3 23 38 40 17 56 4 49 39 51 42
10 6 26 11 19 42 37 25 18 54 58 0 17 47 14 35 59 30 45 4 43 5 55 46 24 7 56 21 50 1 52 34 28 48 38 51 27 40 57 33 2 39 41 29 16 12 13 36 15 23 32 8 3 44 20 31 53
11 42 52 0 2 10 5 48 28 9 18 53 19 45 16 37 40 56 1 39 34 55 36 6 27 20 15 58 47 41 44 35 3 29 17 33 7 30 38 32 12 4 23 13 43 49 31 54
12 9 4 43 44 41 0 37 1 31 57 32 38 34 22 30 59 2 33 53 40 47 13 50 8 23 6 54 42 25 24 26 49 21 28 35 5 51 16 14 10 46 48 56 27 29 15 18 11 45 20
13 15 46 3 47 42 37 25 21 23 58 2 16 0 55 53 28 57 6 32 34 27 24 59 50 19 29 22 17 12 40 35 26 41 49 18 56 1 20 52 9 4 14 54 5 7 45 33 38 36 10 44 8 11 51 39 43
14 9 54 20 2 31 28 24 56 18 3 52 43 57 46 36 22 21 10 16 45 48 25 32 47 7 41 6 5 19 8 49 37 29 1 23 55 40 17 50 33 39 12 26 13 15 34 35 0 27 51 30 58 4 38
15 13 29 56 7 9 4 50 22 31 37 58 41 27 20 1 19 36 48 55 21 17 25 34 11 47 23 6 5 42 53 39 16 45 26 18 24 54 14 35 46 49 43 2 10 30 12 33 51 59 3 40 8 38 52 57 0 44
16 31 17 34 32 0 25 42 2 26 55 5 13 7 38 21 11 28 52 20 14 56 54 44 23 59 47 3 40 27 36 19 15 43 8 39 12 24 6 10 45 37 58 22 48 46 50 41 33 18 49 53 57 1 35
17 1 29 0 16 5 34 28 41 7 35 19 33 10 54 24 51 37 30 13 44 15 25 48 6 49 45 59 42 31 39 8 47 18 14 20 38 32 11 4 56 27 23 3 58 21 36 53 40 43 22 2 26 9 50
18 51 50 3 28 53 42 25 11 23 8 6 14 10 4 21 9 29 48 32 46 56 44 59 20 33 52 24 49 2 1 38 13 39 30 17 15 58 43 41 26 12 36 31 16 55 45 47 7 22 27
19 55 47 36 22 23 42 40 10 3 54 50 11 1 17 24 29 26 15 21 52 43 13 49 9 20 14 31 16 4 38 7 28 57 51 37 48 53 41 0 45 6 34 32 59 2 46 35 39 5 8 30
20 5 44 34 4 37 45 52 14 31 27 40 38 55 58 9 57 15 47 3 51 16 32 49 56 36 46 50 11 18 19 39 59 54 53 42 13 17 35 41 22 43 0 33 23 25 1 7 30 26 24 21 28 12 10 29
21 46 3 1 13 49 35 7 48 23 8 32 18 16 33 2 19 25 4 14 47 31 54 15 51 34 27 55 10 53 58 43 29 52 42 57 24 41 12 44 39 30 40 28 37 17 22 0 50 26 56 38 20 5 59 45
22 28 2 19 47 7 15 50 3 8 41 14 29 12 59 27 49 13 42 34 44 24 30 35 54 43 0 52 6 56 5 48 26 9 57 38 45 31 32 58 20 37 36 39 21 16 51 55 17 53 40 23 25 1 18
23 50 40 31 51 5 54 19 37 26 13 18 58 46 1 21 7 43 24 53 30 25 33 2 45 16 15 48 28 49 12 0 14 42 27 52 39 35 55 4 56 17 20 8 9 10 11 36 29 47 22 57
24 57 31 6 25 36 14 47 56 48 53 59 28 19 23 40 17 35 13 42 38 37 10 43 7 22 33 18 1 9 39 44 34 4 50 12 21 46 15 52 30 49 16 3 26 0 8 55 54 51 20 5 45
25 40 42 55 31 16 38 24 45 13 18 29 47 10 0 26 21 51 57 28 1 23 9 27 41 15 6 14 17 3 39 12 46 48 2 49 30 8 34 20 4 54 59 43 33 5 22 56 44 7 52 32 36
26 9 4 5 32 10 28 23 55 36 16 57 19 25 6 27 59 34 58 52 51 1 50 30 35 42 40 13 44 54 37 12 22 31 56 15 43 39 53 14 7 2 8 24 41 21 46 18 33 3 48 17 49 20 29 47 45
27 51 20 29 45 9 6 34 59 15 4 35 26 48 13 22 32 11 25 43 21 42 55 30 37 7 16 3 44 47 38 10 23 28 58 40 31 17 53 0 5 33 12 14 39 50 56 52 41 57 8 2 18
28 53 40 22 26 18 14 17 11 44 37 24 13 30 59 33 16 31 51 25 43 57 52 8 29 47 23 10 46 0 35 5 39 38 19 2 3 27 58 9 48 54 12 55 1 21 36 4 49 34 42 50 6 41 20 56 32 45
29 17 15 36 27 35 56 25 5 7 19 18 22 2 49 13 4 58 39 31 8 45 47 28 21 37 3 1 14 44 53 0 54 9 57 11 52 32 10 48 38 33 40 51 59 12 6 34 30 42 23 26 41 43 20
30 33 1 5 3 51 8 0 2 28 12 10 23 41 50 17 38 9 53 57 46 26 49 40 27 22 58 55 56 39 48 6 37 4 43 18 21 24 34 25 45 54 44 47 11 52 15 36 14 35 20 29 32 59 7 19
31 16 23 38 32 35 25 20 57 24 14 39 15 42 50 0 37 12 46 51 9 28 43 47 21 54 8 29 2 49 17 33 52 19 55 1 36 26 4 6 53 27 22 41 45 59 48 58 40 34 56 18 3 44 7 5 11 10
32 35 16 31 26 40 39 7 21 12 45 9 13 53 20 0 33 18 27 8 5 58 54 14 2 41 3 38 43 56 55 48 52 47 57 37 49 51 17 4 22 29 34 19 11 10 59 44 30 25 50 28
33 30 7 40 5 1 17 2 42 21 51 28 47 46 43 32 50 8 12 23 53 18 24 41 31 48 34 9 10 45 4 14 54 38 56 58 44 37 11 29 13 6 20 27 57 3 15 25 36 35 26 16 52 59 49 55
34 7 20 50 16 41 44 17 2 53 27 0 55 12 26 13 11 57 8 21 52 15 22 49 35 59 51 10 39 1 38 24 6 5 33 47 3 43 30 40 19 25 14 4 32 48 46 28 31 58 42 54 29 56 37 36
35 32 8 55 1 31 57 29 21 0 42 52 17 3 2 27 40 10 49 39 24 45 58 38 34 9 53 26 54 22 13 48 28 11 43 7 12 23 20 15 5 44 4 14 19 37 30 33 6 41 50 36 59 46 16 51
36 3 0 4 19 54 29 24 26 6 46 58 49 14 15 52 20 11 5 47 57 56 42 44 9 38 37 16 31 50 59 39 45 28 51 43 22 13 17 10 30 33 40 41 18 23 1 7 35 55 48 8 34 25
37 20 23 13 1 12 10 15 56 31 28 51 7 58 11 17 6 5 54 24 8 50 42 53 40 27 36 9 0 29 14 30 26 41 49 32 19 46 4 2 59 22 33 21 16 38 52 55 3 35 57 47 44 34
38 31 0 25 20 7 46 51 6 16 12 52 47 59 24 1 30 35 48 53 54 36 2 32 10 58 3 34 44 39 28 27 18 19 40 55 41 22 56 17 33 8 29 49 13 43 37 45 50 9 11 21 15 14 57
39 54 41 52 31 7 32 11 35 48 40 43 5 29 42 50 20 30 25 34 24 45 15 17 38 28 18 44 16 21 59 1 10 26 23 36 14 53 4 22 49 56 27 47 3 0 19 57 6 13 51 55 8 46 9
40 23 25 42 28 33 20 51 53 32 43 19 47 58 11 2 35 24 39 12 30 37 48 16 13 26 52 10 55 14 38 0 46 27 34 21 1 4 8 29 31 49 59 17 36 57 44 22 9 6 15 41 5 54 3
41 3 39 34 6 12 55 17 50 15 48 47 22 46 51 42 30 1 54 25 49 43 33 14 32 11 13 37 21 38 19 58 0 20 31 10 2 57 44 18 52 9 59 26 28 56 45 8 16 27 36 4 7 35 40 29
42 40 11 25 13 16 43 18 19 47 10 31 35 33 56 7 41 52 8 24 50 58 44 22 36 26 37 39 27 51 17 15 21 1 12 2 23 20 0 6 4 3 49 54 48 28 45 34 55 57 29 59 9
43 44 12 55 42 40 14 23 31 6 33 54 19 10 39 27 24 28 41 45 1 8 21 22 32 7 30 16 35 52 48 56 26 34 18 0 53 36 38 20 51 15 57 25 59 17 2 11 3 4 13 29 49
44 20 43 58 34 54 12 53 28 57 42 17 18 16 1 22 36 5 2 24 11 27 26 38 29 46 52 50 21 39 0 51 45 33 6 3 49 41 35 30 47 48 9 56 13 4 40 55 37 31 32 25 7 10 15
45 20 7 47 25 27 57 11 9 51 32 54 5 4 48 10 35 14 23 56 43 29 17 49 39 3 15 33 58 22 6 19 36 44 13 31 16 52 30 55 46 38 59 1 41 42 8 18 12 28 26 24 21
46 13 8 21 38 23 36 31 41 14 33 20 18 54 48 10 4 2 30 51 47 9 28 57 44 25 59 24 40 37 56 5 15 55 50 12 45 58 19 34 16 26 7 6 49 35 39
47 3 2 19 13 45 22 40 24 42 7 57 25 53 20 41 59 9 33 38 10 21 31 1 5 12 36 15 0 14 11 16 29 28 46 4 17 27 32 48 34 51 49 8 50 44 30 39 55 37 23 26 54 58 18
48 11 24 21 57 3 41 15 4 45 18 27 49 39 52 46 14 5 8 23 38 17 40 7 35 30 10 33 50 22 32 2 47 25 28 43 19 51 55 29 9 6 0 31 34 12 42 44 16 53 58 26 36
49 6 2 3 21 36 20 29 35 48 22 34 41 19 30 31 17 56 18 59 45 23 57 14 13 52 0 12 37 32 25 47 24 44 42 53 38 28 39 5 15 40 8 55 46 26 11 1 16 33 51 9 43 54 7
50 23 34 18 15 31 9 19 22 41 52 1 13 20 30 33 42 53 26 12 37 2 5 51 39 10 56 58 48 24 44 36 14 3 46 47 38 28 55 21 27 16 35 54 17 6 32 7
51 58 59 23 18 27 40 56 55 30 0 8 38 37 2 7 45 33 31 20 54 41 25 28 17 21 3 26 50 34 42 46 10 19 57 12 32 48 47 44 36 52 29 43 6 14 22 1 53 15 13 24 49 39 35 5 9 4
52 55 11 20 1 39 0 2 5 59 35 14 9 38 16 7 50 19 42 36 57 48 6 26 34 18 28 10 22 21 40 31 49 44 32 3 23 13 43 24 29 51 45 37 41 58 30 27 56 33 54 25 15 53
53 28 6 7 40 18 44 34 24 11 13 47 5 55 32 23 56 8 12 33 50 30 9 35 21 38 37 4 54 15 0 2 3 29 20 31 19 26 39 43 27 49 58 17 48 51 22 57 16 10 1 52
54 39 23 14 6 36 44 3 19 10 51 17 45 43 21 46 37 41 32 16 31 35 22 38 53 9 20 12 26 59 56 1 28 29 2 33 15 13 42 4 30 25 57 24 34 58 47 50 8 40 52 11 0 49
55 3 52 35 19 25 51 43 26 20 6 41 16 0 13 34 53 2 1 11 10 15 21 27 30 59 57 31 58 32 40 14 7 38 28 8 23 48 5 46 45 9 4 37 50 47 22 24 42 44 49 18 33 36 56 39
56 15 51 59 0 14 7 29 24 58 4 37 5 6 42 11 20 53 16 18 36 1 3 45 10 30 49 50 22 57 32 54 13 26 2 43 38 46 23 33 17 8 12 39 44 31 27 41 21 52 34 9 25 55 28
57 24 31 2 35 45 47 26 48 1 14 20 12 7 13 3 44 52 25 4 34 36 9 6 30 28 0 55 49 56 46 10 21 32 19 51 22 29 8 58 41 59 43 33 37 54 40 42 27 53 23 39 16 38 15
58 51 44 1 59 13 56 23 9 15 20 6 36 40 10 37 0 26 32 42 4 35 29 11 30 21 3 5 38 55 50 28 27 45 18 41 22 33 57 2 31 16 46 17 52 53 34 14 48 54 8 47
59 51 56 58 52 24 27 5 4 28 47 12 22 10 26 2 38 13 3 18 0 16 34 8 6 55 17 49 20 9 54 46 36 39 1 37 29 31 19 57 25 40 45 43 41 15 32 33 30 7 35 42 21
