60
1593
0 20 51 33 2 26 16 47 21 6 3 11 45 5 59 12 18 36 53 43 8 32 31 25 41 10 13 27 52 55 19 24 44 40 49 39 50 4 46 17 22 56 7 1 38 15 23 29 54 14 34 9
1 17 18 26 12 6 3 44 45 53 58 35 51 34 52 2 55 9 56 11 27 41 30 40 50 48 59 10 43 21 16 14 13 29 7 15 47 33 37 31 0 22 57 19 20 39 5 42 49 23 28
2 47 5 20 3 30 36 37 49 0 26 53 48 1 19 55 33 15 51 18 32 28 10 29 9 34 16 58 38 43 25 40 24 41 31 27 14 45 46 11 23 39 6 59 44 13 52 35 50 57 56 17 42 22
3 57 2 20 44 27 22 1 15 23 55 26 37 51 13 0 53 40 24 14 56 48 25 29 42 8 43 54 47 9 16 7 11 28 46 41 50 19 10 52 17 36 18 4 31 5 30 58 39 6 32 33 35 45 38 21
4 57 56 6 52 26 53 43 9 21 46 31 24 38 48 41 5 30 7 42 14 59 55 25 15 17 12 35 0 10 39 45 18 20 29 27 58 13 47 3 11 19 40 34 23 37 32 50 51 16 54 8 28
5 2 12 27 15 9 29 49 53 54 11 56 55 45 14 40 43 4 23 0 57 24 26 22 10 51 7 35 8 18 38 33 50 34 17 52 44 19 31 6 37 46 41 36 42 3 59 16 32 13 1 28 58 47 21 30 39 20 48
6 14 29 4 1 42 33 24 46 25 40 49 27 50 54 36 0 21 41 32 58 43 45 30 15 38 11 16 13 19 48 37 9 5 22 28 56 47 57 12 17 31 7 20 44 18 3 35 2 55 26 51 52
7 26 23 21 43 15 40 24 10 12 25 37 46 57 31 4 30 55 39 8 50 45 5 36 22 11 32 3 34 59 29 54 48 20 44 1 35 49 16 47 41 0 6 52 17 38 19 51 13 33 28 27 58 14
8 38 35 30 20 18 54 42 25 24 10 14 29 55 58 51 41 17 22 15 45 31 39 7 44 59 3 0 12 43 37 5 40 48 36 47 28 27 53 21 50 13 52 33 32 56 23 34 57 4 46 49 11
9 52 5 39 13 31 4 56 53 22 1 50 47 29 38 23 14 37 49 19 3 16 17 33 44 2 21 12 59 6 15 26 57 54 40 18 41 27 32 24 42 55 35 25 46 28 0 45
10 29 37 13 39 21 27 50 8 11 7 34 46 32 25 41 5 26 49 14 35 33 53 1 45 0 19 31 54 59 2 20 42 4 44 43 57 3 12 38 56 23 16 52 58 47 51 17 28 55 18 24 30 40 22
11 59 5 38 29 35 19 39 10 48 21 12 18 0 33 44 58 30 57 1 50 52 46 7 27 37 6 47 34 3 14 26 23 55 54 49 28 56 40 42 4 20 2 36 32 17 13 45 43 15 41 24 31 25 51 8
12 5 42 1 19 18 13 44 53 56 30 11 7 21 24 47 0 49 27 8 17 58 28 51 57 22 4 41 40 37 14 33 25 32 9 31 35 23 10 48 6 46 36 38 45 16 39 50 52 55 26 43 15
13 35 10 12 15 14 9 52 33 3 19 47 22 38 42 49 32 39 23 26 45 46 59 57 0 55 43 6 48 53 1 27 36 18 20 44 41 4 54 8 29 11 30 5 37 40 7 58 31 2 25 56 51 34
14 6 19 26 36 44 13 21 24 5 8 16 49 54 52 3 47 4 48 15 59 41 39 34 10 56 20 9 37 17 11 22 57 51 38 1 27 45 33 32 12 29 2 46 35 25 40 0 28 58 7 55 53 23
15 5 53 21 3 51 13 54 7 44 57 16 38 50 48 58 8 17 23 2 55 40 14 32 26 39 6 22 4 47 20 25 30 59 56 1 34 9 27 45 33 28 18 42 0 11 52 19 29 24 46 31 43 49 12 36
16 38 25 49 50 0 57 15 14 22 41 39 59 35 20 43 21 17 29 52 53 58 31 27 6 3 36 32 9 46 28 37 33 1 2 47 18 30 45 7 48 26 10 42 55 5 23 54 40 12 4 34 51 19 56 44 24
17 1 30 54 23 34 46 31 33 45 56 36 8 28 15 25 18 47 39 16 40 44 58 22 52 29 12 4 41 57 24 27 14 55 9 48 5 38 51 49 32 0 50 3 6 7 20 11 10 21 35 42 53 2 19
18 54 1 35 12 8 49 25 11 42 29 0 17 51 26 46 20 48 33 27 22 38 59 2 31 53 57 21 30 5 24 36 56 41 40 47 16 43 13 4 3 45 9 15 6 55 28 10 34 52 58 37 32
19 14 12 32 29 35 11 22 13 2 40 37 39 38 53 58 56 42 20 54 21 51 28 9 10 50 0 30 6 46 3 5 45 25 57 52 1 55 47 24 4 31 44 7 48 43 15 27 59 33 41 16 17
20 2 32 3 0 29 24 35 8 39 44 40 33 21 59 30 28 27 46 23 16 34 38 18 19 48 14 15 41 25 50 49 51 10 7 36 31 26 57 53 13 4 11 6 17 54 1 58 37 55 52 5 43
21 23 24 15 7 34 37 56 26 10 50 30 14 4 35 0 11 28 27 20 12 40 6 45 43 16 39 49 41 31 19 29 54 42 52 59 25 18 44 22 55 1 47 9 58 36 8 51 17 32 53 5 33 46 57 3
22 24 3 46 25 19 43 9 49 16 8 44 13 55 5 26 17 29 45 48 15 53 38 42 18 7 32 28 30 12 14 21 39 36 35 54 56 6 0 37 59 1 40 52 31 51 23 33 34 2 10
23 21 7 34 51 30 17 3 38 53 52 47 5 20 15 24 54 13 50 9 57 58 43 26 40 25 11 27 42 36 35 32 44 12 48 39 45 10 41 59 2 0 16 4 22 55 49 46 8 56 1 37 14
24 34 22 21 6 43 47 20 41 28 14 8 49 4 7 52 45 40 56 25 12 3 5 23 42 53 36 35 54 17 31 39 18 0 30 27 50 33 55 26 38 2 57 19 59 48 29 10 9 15 51 11 37 16
25 16 59 58 30 6 22 8 55 32 26 34 43 18 7 24 51 10 41 17 3 50 35 4 45 0 37 21 40 20 23 38 44 15 12 47 48 2 27 49 19 31 57 36 52 28 33 46 14 53 56 13 11 9 42
26 7 1 44 14 57 4 51 21 0 56 2 25 34 3 49 41 46 54 5 18 22 13 52 10 15 38 59 53 23 11 32 39 35 45 24 42 20 58 33 31 9 16 36 27 48 43 30 40 37 28 29 47 50 12 6
27 5 36 3 39 32 28 43 10 51 50 6 58 21 37 55 20 1 56 12 18 59 11 16 31 40 0 17 33 41 48 24 29 49 53 23 14 54 13 44 52 34 25 30 8 2 45 4 15 26 38 42 35 9 19 46 7
28 37 32 48 38 44 30 27 24 49 50 21 36 20 17 53 45 33 52 43 47 57 12 22 19 3 40 16 2 35 54 59 8 11 6 58 51 39 15 25 26 55 10 18 5 41 29 46 31 7 14 4 1 9
29 58 6 10 50 20 5 19 11 8 37 18 31 43 9 16 3 22 39 21 42 17 36 30 49 55 33 44 27 7 2 59 1 48 32 14 4 53 40 46 45 13 38 51 26 35 34 54 0 24 15 28 52
30 17 40 2 58 23 25 8 28 21 12 4 20 31 7 32 50 11 6 1 48 47 44 29 22 56 54 18 59 24 19 33 53 15 34 46 49 35 16 27 38 26 3 52 39 55 13 41 36 51 45 5 43 10 42 37
31 36 42 9 35 4 17 53 30 8 7 33 51 29 57 55 21 0 16 18 27 10 24 50 38 46 47 32 49 45 52 37 20 54 44 56 12 26 5 48 2 25 59 1 3 6 19 22 39 13 34 11 28 43 15
32 41 20 28 51 19 27 25 33 48 10 55 6 30 54 13 47 15 0 56 42 22 43 50 52 7 16 2 31 26 34 39 14 40 12 45 17 53 23 36 29 57 49 38 11 46 5 8 35 21 3 4 9 18 37 58
33 51 6 0 45 13 32 20 17 49 11 56 31 2 50 53 28 18 36 44 40 10 46 27 5 29 30 16 38 9 24 14 12 57 26 1 39 15 52 47 25 8 48 59 43 7 3 37 21 22 54 19 41 58 42
34 24 23 39 53 21 17 41 26 25 10 47 1 48 36 20 55 14 11 37 58 49 7 32 54 30 5 2 43 44 27 38 15 46 57 59 50 40 56 42 4 52 18 29 45 31 22 16 8 0 13
35 13 44 8 18 20 43 11 19 31 21 1 52 41 57 16 48 50 55 25 39 5 10 53 51 49 24 37 46 54 47 40 26 36 28 4 22 30 38 23 12 7 56 14 27 32 17 29 6 3 59 2 9 45
36 52 31 27 2 14 57 38 39 6 56 51 17 28 43 58 0 34 55 33 7 29 24 16 18 35 22 8 20 23 59 54 13 32 21 3 53 44 26 47 5 50 41 25 45 11 49 12 30 42 40 15
37 28 59 47 10 2 21 3 27 7 29 19 48 45 46 50 8 9 39 25 11 14 35 34 54 16 12 44 31 52 53 6 1 5 58 55 22 42 26 51 57 13 4 41 20 33 18 24 40 56 32 30 23 43
38 16 28 8 36 43 11 54 4 39 23 15 45 57 56 47 13 42 19 9 20 48 51 22 26 18 6 59 5 31 25 14 33 55 17 2 35 34 24 53 10 30 27 49 7 32 0 29 12 46 58 40 50 3 41 44
39 43 34 9 27 10 36 20 11 38 16 56 53 52 21 7 17 50 13 19 8 48 15 46 14 29 35 37 24 45 44 47 26 22 32 0 4 41 51 57 23 33 42 28 30 58 3 49 31 2 1 12 5 40 55 54
40 42 30 48 6 7 20 5 24 53 21 3 19 17 15 43 1 59 33 55 49 8 25 27 44 28 23 45 35 0 12 18 32 54 2 58 11 29 50 46 9 51 34 22 26 4 13 16 38 37 14 39 52 10 57 56 36
41 32 57 52 46 24 59 43 34 4 35 16 8 49 53 26 6 25 10 21 1 14 47 51 0 17 20 58 27 3 18 12 55 42 50 54 39 13 44 2 5 23 7 9 36 56 48 30 11 37 45 28 33 19 38
42 40 12 45 54 31 6 55 8 44 18 46 50 59 13 38 4 56 3 19 24 29 32 22 21 53 48 23 26 10 41 11 37 47 5 39 43 27 16 34 15 52 17 1 9 36 30 58 2 25 33
43 51 39 54 24 49 7 4 38 35 27 55 41 5 22 25 36 52 44 21 16 29 6 0 3 40 8 28 32 23 13 1 34 56 2 18 10 53 48 58 50 26 42 47 57 11 19 33 59 30 31 20 12 15 46 37
44 35 45 26 3 28 14 12 1 20 15 42 46 11 43 22 53 17 8 56 33 30 40 39 29 0 21 25 57 9 47 37 49 59 34 7 31 27 5 10 13 23 41 36 55 6 19 52 48 50 51 2 54 58 16 38
45 57 44 42 59 33 5 55 1 24 17 38 0 21 8 51 37 28 46 7 6 22 49 54 25 13 10 39 52 40 31 26 14 58 32 4 16 19 56 27 23 2 18 15 29 47 48 36 11 12 41 34 30 3 35 9
46 6 41 22 17 4 10 51 20 42 44 7 26 54 18 45 37 39 53 11 59 57 13 35 55 33 16 3 31 19 30 0 50 47 5 34 2 40 29 12 14 32 25 56 48 58 38 23 28 15 27 21 9 43 8
47 2 51 37 24 48 58 0 34 13 23 38 12 50 17 9 14 32 30 41 28 15 3 55 11 35 31 39 21 53 44 18 16 52 25 57 59 1 8 6 46 56 7 42 36 4 45 33 43 10 19 5 26
48 28 47 40 11 4 32 2 15 35 49 37 34 14 53 3 39 38 18 22 30 20 1 59 8 56 27 42 13 7 17 50 6 25 29 54 12 31 23 16 52 43 26 45 24 33 46 41 19 44 5
49 16 5 43 2 53 28 24 6 18 22 14 26 33 41 48 13 21 12 54 10 45 58 35 9 29 40 34 51 31 20 27 0 44 52 30 11 17 25 7 50 57 32 38 36 39 23 1 59 56 15 8
50 29 16 54 21 10 27 28 6 15 42 35 47 9 30 39 33 7 25 23 11 37 1 51 59 32 19 55 57 56 31 20 3 24 5 0 48 41 17 46 49 40 8 43 34 36 52 53 44 4 12 26 38 2
51 43 47 0 33 23 32 26 56 15 27 1 46 36 8 3 25 31 18 45 5 38 2 19 41 50 35 12 49 55 14 20 17 52 53 54 39 59 58 28 21 40 10 29 37 7 22 30 57 44 4 24 16 13 11 6
52 36 41 9 4 13 24 35 23 1 43 57 14 59 39 26 16 17 28 58 11 55 21 32 0 45 31 49 47 5 37 27 51 3 48 19 10 33 53 7 22 25 50 30 8 42 44 56 34 15 18 20 12 2 40 6 29
53 59 34 4 15 5 12 49 1 2 9 31 23 40 3 41 28 58 44 39 48 19 0 33 46 22 16 24 35 10 26 42 18 13 27 30 47 20 37 32 51 38 36 8 29 43 55 52 54 50 21 17 25 14
54 18 42 43 17 50 5 15 8 38 6 14 57 46 26 32 23 49 19 45 21 3 24 35 30 10 37 7 34 27 28 36 11 31 40 41 22 51 56 48 9 13 53 20 16 29 0 33 44 4 58 39
55 57 56 42 5 43 45 3 8 25 27 32 2 1 58 15 7 22 35 31 34 36 4 40 52 29 47 50 46 0 17 13 51 21 11 38 41 24 37 53 44 19 16 30 18 28 59 23 10 20 9 39 12 6 14
56 55 4 51 21 5 9 26 12 36 17 24 38 39 33 42 3 1 27 44 19 32 14 30 58 48 50 18 57 15 43 31 54 22 11 45 6 10 47 0 35 34 41 46 8 52 25 59 13 23 37 49 2 16 40
57 55 3 41 45 4 26 36 15 16 35 38 52 54 7 5 31 11 58 46 23 28 13 18 17 50 12 14 44 56 20 33 47 10 24 39 32 19 9 6 25 34 49 1 43 37 51 2 8 40 21
58 29 25 30 47 1 27 8 15 59 53 36 11 55 6 17 19 52 57 16 12 23 49 41 34 56 2 45 21 26 40 37 4 28 51 43 10 3 39 20 46 13 5 18 38 14 44 42 54 7 32 33
59 11 53 37 25 45 41 20 16 58 42 0 52 14 8 4 40 46 27 50 13 18 48 1 21 26 38 30 10 7 44 15 29 36 28 9 47 51 31 22 34 23 5 24 33 55 19 2 35 43 56 49
