60
1593
0 20 5 54 27 42 19 35 46 43 58 51 59 41 10 6 15 14 39 17 7 32 53 16 50 23 1 33 44 26 8 57 4 31 11 45 34 37 49 18 2 25 9 52 36 29 40 55 3 12 13
1 10 6 49 2 11 37 51 40 13 55 24 38 33 46 27 8 54 47 42 25 43 5 35 0 39 52 12 53 14 22 34 31 20 16 26 30 15 58 36 4 18 28 44 7 41 56 50 48 23 32 19 45
2 54 37 13 36 49 43 1 14 59 27 6 38 52 57 58 9 47 24 41 51 33 35 40 7 34 55 18 25 42 20 29 46 39 5 31 53 16 15 21 10 3 8 0 30 56 48 23 4 28 22 26 11 45 19 12
3 59 41 45 49 31 5 46 28 19 25 56 27 52 23 48 12 16 35 22 20 32 51 57 24 18 10 39 13 55 14 11 29 50 58 54 17 43 30 47 2 26 6 40 7 4 8 34 37 0 15 42
4 10 11 13 18 39 43 24 51 53 47 7 40 48 29 52 31 34 38 58 57 17 27 59 54 45 42 26 56 0 16 50 22 25 9 5 1 28 15 36 44 55 20 2 3 49 35 12 46 33 21 41 23 6
5 9 25 0 3 33 8 19 20 52 12 39 49 17 56 37 47 7 14 29 45 41 44 50 34 54 46 58 13 36 21 1 57 42 59 30 43 18 40 55 2 51 4 31 6 15 22 32 11 38 28 10 23 27 26 35
6 19 1 23 14 38 28 43 52 2 0 47 34 24 22 48 33 18 29 16 57 51 8 7 59 58 41 13 26 32 21 25 35 31 53 10 5 46 42 20 54 12 3 49 39 9 56 37 30 11 40 15 4 55
7 29 26 43 27 24 28 47 4 39 17 10 56 48 5 57 21 20 0 31 55 23 8 59 22 51 15 54 6 2 13 34 37 32 30 41 11 46 40 45 9 1 3 44 50 16 18 58 53 38 35 52 25 49
8 35 31 24 48 43 11 5 21 16 25 18 29 55 26 41 15 57 44 1 46 7 49 33 6 40 28 10 0 45 53 58 13 42 32 38 30 9 22 50 2 36 47 27 39 20 37 3 14 12 51 52 34 56
9 21 5 35 45 40 44 43 54 55 14 47 22 36 46 37 34 25 29 2 38 13 50 23 10 39 33 57 12 30 11 28 49 17 4 18 59 8 51 7 15 53 0 42 52 6 19 27 58 26 48 41 32
10 4 1 23 53 14 52 18 39 16 7 21 30 0 38 48 59 43 33 9 25 40 11 41 54 37 27 8 44 45 19 12 3 56 50 51 57 36 15 22 29 46 6 2 26 35 42 20 5 28 31 17 49 55
11 50 4 38 18 8 31 1 57 19 20 37 42 15 29 23 36 14 43 10 48 21 58 34 9 49 30 3 7 17 0 40 44 22 13 32 16 33 45 28 35 5 39 53 25 55 12 56 52 54 6 2 46
12 30 31 52 22 5 55 29 25 53 54 50 42 56 24 44 51 40 17 15 3 59 39 43 57 20 13 1 32 9 10 41 47 18 48 28 16 23 46 6 58 49 19 11 4 26 8 38 0 33 35 27 21 2
13 53 4 2 17 33 39 29 49 22 52 41 59 1 28 44 36 26 32 9 27 34 31 15 42 5 16 57 35 55 47 7 12 6 3 8 54 38 51 19 24 11 56 46 20 14 43 18 58 48 0 37 40 23
14 44 34 10 6 31 28 45 22 2 47 9 59 49 15 5 21 0 11 35 24 30 18 48 43 50 39 54 51 1 17 3 27 26 36 53 52 23 29 32 33 25 13 55 8 46 19 42 56
15 49 31 56 16 26 20 50 19 30 32 14 11 0 17 53 39 24 8 27 18 41 42 12 13 25 59 7 55 45 37 54 28 46 22 1 10 35 21 51 5 2 40 4 36 9 48 44 52 38 3 57 58 23 6 47
16 37 15 24 58 38 57 10 31 8 40 29 43 28 55 47 34 59 0 44 3 6 51 13 48 46 45 49 18 42 1 4 20 39 52 2 12 54 27 30 33 11 19 41 50 56 35 53 23 7 22 32 26 21
17 51 13 54 26 5 7 41 52 27 24 53 28 38 15 0 55 33 19 12 4 30 40 18 25 29 22 35 44 9 14 34 32 43 11 3 56 46 47 49 21 31 37 48 36 23 10 45 59
18 30 31 4 11 45 10 51 21 23 49 22 41 8 44 55 15 37 6 14 26 28 42 39 57 17 43 54 3 2 16 35 32 36 48 34 5 12 9 20 53 24 0 1 52 50 40 7 25 19 13 33 47 38 59 58
19 37 6 26 0 5 49 11 3 42 15 59 56 45 51 50 48 33 17 21 31 23 38 44 53 10 20 35 36 27 57 13 52 29 25 28 16 54 34 30 12 40 9 47 18 1 43 41 14 2 39 58
20 54 0 33 28 5 35 44 37 58 15 11 23 57 27 7 21 26 3 50 12 47 46 48 25 31 59 19 45 1 2 30 16 40 34 22 18 51 53 39 43 6 49 32 13 36 52 10 29 4 41 8 56 24
21 9 25 22 8 32 36 33 10 18 44 55 14 7 54 20 24 59 11 19 35 5 58 45 34 37 57 39 53 6 40 41 27 47 31 23 51 15 2 56 17 30 29 26 49 48 43 4 46 16 12 52
22 40 21 27 32 14 55 13 12 33 47 28 46 39 9 58 18 30 29 6 35 52 45 3 7 57 59 56 17 1 50 25 41 4 42 43 20 15 48 44 10 8 34 51 11 5 24 37 53 31 16 2 49 38 54 36
23 56 30 10 42 6 39 31 20 18 33 11 28 44 9 7 3 29 32 54 19 53 0 26 47 41 49 57 34 58 45 38 37 40 35 21 50 59 46 12 14 16 2 1 52 51 27 15 5 17 4 48 24 43 13
24 8 4 7 16 48 29 31 28 17 1 53 50 34 2 6 51 14 12 21 15 49 52 56 40 3 36 35 30 39 37 59 46 32 13 18 26 47 43 54 57 25 38 22 58 42 55 27 41 20 45 23 44
25 21 5 48 47 52 26 58 8 12 3 41 9 44 10 30 39 15 55 53 27 33 1 17 38 36 43 2 20 46 34 22 54 4 6 50 59 37 42 19 24 45 57 0 14 56 29 11 18 32 51 7
26 33 7 57 19 49 25 43 37 15 17 41 51 45 44 29 13 8 32 38 55 20 31 18 56 23 42 4 0 6 1 39 46 35 14 48 53 59 30 24 10 3 27 40 47 21 36 54 52 50 12 9 2 34 16 5
27 45 22 7 0 44 51 50 57 54 34 2 17 43 20 48 56 13 3 15 47 1 52 25 4 10 31 38 19 14 33 21 49 16 28 26 29 58 36 42 8 46 35 9 24 23 5 59 12 41 32
28 59 35 29 20 7 52 41 14 50 6 3 22 42 24 13 17 23 16 57 37 30 56 18 45 39 8 51 9 46 15 54 44 49 32 47 36 12 27 4 1 19 11 48 40 2 5 31 53 10 58 55 33 34
29 7 37 49 46 28 35 13 41 4 24 56 12 16 31 26 11 5 9 22 8 43 36 23 6 34 32 17 45 33 59 2 3 53 10 19 55 38 52 48 42 27 14 21 20 51 25 0 58 54 47 57 44
30 23 31 18 12 43 15 10 22 48 34 38 54 14 28 25 17 44 57 33 5 9 59 45 7 24 40 46 39 11 20 36 51 1 8 53 26 3 16 55 21 58 49 52 41 2 19 6 50 37 35 42
31 8 30 15 18 34 3 11 14 12 16 4 23 24 29 46 7 13 57 26 19 27 47 59 51 32 20 1 50 56 36 0 33 42 52 2 49 6 21 5 54 55 38 45 39 40 17 48 22 58 53 41 28 44 10 37 43
32 22 33 21 15 52 51 50 0 13 26 43 36 44 23 3 29 12 31 49 18 7 6 57 17 28 8 24 48 34 40 56 11 20 14 58 5 46 55 59 1 16 35 45 42 53 25 54 37 9 27 38
33 26 20 13 36 5 32 22 21 43 57 23 41 17 19 10 1 6 56 9 2 8 25 45 46 0 54 30 40 29 38 35 50 31 53 51 27 55 16 48 42 11 37 14 58 34 49 44 18 4 47 12 28
34 14 38 31 43 41 27 48 37 47 4 9 36 57 30 35 49 24 6 5 40 13 16 55 29 2 11 7 21 46 52 1 17 25 23 18 50 20 0 22 44 58 51 39 54 32 45 42 19 56 33 3 26 28 59 8
35 8 28 43 0 9 29 20 41 36 34 14 53 22 56 2 3 21 40 13 58 1 17 57 18 48 50 19 46 24 51 52 33 26 47 38 49 6 15 23 55 44 45 42 10 37 16 11 54 27 39 4 32 12 5 30 59 7
36 33 2 47 56 21 42 9 35 34 48 13 11 40 29 57 59 32 52 5 25 24 44 18 55 19 53 58 41 31 30 37 10 1 46 28 14 51 8 15 54 27 20 4 26 43 0 50 39 38 17 22 49
37 19 29 42 2 16 45 26 1 20 11 5 34 59 9 39 50 28 48 54 52 18 10 51 49 57 15 21 7 58 24 23 36 53 38 25 0 22 33 35 44 17 55 8 46 3 6 30 31 13 32 41 43
38 11 34 59 51 40 6 16 53 2 10 17 9 1 30 4 26 39 57 48 19 43 27 25 50 33 23 13 8 37 54 35 46 29 52 44 31 24 58 49 55 5 15 36 47 12 18 7 22 56 32 42
39 4 13 10 7 5 23 22 52 37 0 15 38 25 9 12 50 47 28 18 1 14 49 3 24 30 21 26 59 46 57 2 44 58 48 16 41 42 20 55 34 53 43 31 11 8 6 35 36 54 51 19
40 59 22 52 44 38 9 4 1 56 16 48 55 53 34 36 12 10 45 17 35 2 24 41 8 42 33 30 54 5 47 21 20 7 23 43 11 50 51 32 15 31 3 58 26 18 57 28 49 19 0 6 13 46
41 3 28 52 29 26 54 34 42 17 13 0 46 35 25 18 49 50 5 57 33 8 2 15 10 45 40 48 6 23 12 22 36 7 58 21 59 43 39 47 16 30 53 44 56 1 20 31 19 24 55 4 9 27 37
42 37 23 59 0 45 36 28 11 41 19 12 15 13 1 18 4 26 43 5 40 2 16 48 8 22 31 25 57 49 39 47 6 34 55 29 35 10 33 27 51 24 9 58 54 44 14 32 30 56 3 50 46 38
43 49 7 35 8 4 30 2 59 9 26 34 6 57 0 51 33 27 16 55 10 47 29 11 32 52 12 53 1 38 14 18 42 56 5 25 58 17 46 22 40 3 41 24 45 39 20 36 44 13 21 19 23 31 50 48 37
44 14 40 27 9 20 59 21 26 13 23 25 18 5 12 56 49 8 16 32 58 30 19 53 10 0 55 46 17 36 45 28 39 22 11 34 47 35 38 57 52 50 1 41 7 4 37 48 15 43 33 42 31 24 29
45 3 48 49 27 42 9 18 37 14 47 56 54 26 19 51 5 55 40 50 41 22 28 21 4 33 16 15 10 29 8 30 53 20 44 23 52 0 7 58 43 34 35 25 31 11 57 32 46 1 24 2 59 17
46 29 0 3 57 22 56 41 9 31 54 5 59 1 51 58 49 8 33 16 20 44 34 28 35 25 30 15 39 26 2 43 52 24 7 48 38 36 23 17 10 12 6 13 32 50 27 37 4 53 14 45 21 55 47 40 11 42
47 25 36 7 4 14 53 54 45 22 9 5 34 6 2 55 50 43 16 27 59 57 1 39 20 13 23 31 12 56 48 40 28 35 21 24 58 3 44 42 41 17 8 26 19 18 38 33 29 52 46 15
48 45 8 25 4 24 34 58 7 30 40 36 27 53 10 19 6 37 38 11 3 14 49 41 16 20 35 42 18 56 47 26 22 46 39 54 57 32 12 55 50 59 33 29 28 2 31 52 44 17 15 21 1 9 13 51 23 43
49 15 43 3 45 29 1 2 26 19 51 13 5 59 14 18 41 34 24 44 46 8 48 37 54 16 39 32 11 9 23 28 57 35 31 42 0 27 55 50 17 30 20 38 6 12 21 40 4 33 53 22 10 56 36 7
50 11 57 53 28 27 15 12 19 54 32 41 24 9 5 47 37 45 0 39 20 14 59 35 38 10 22 31 4 33 34 58 3 25 23 40 8 48 49 44 18 16 7 46 1 36 26 56 30 43 52 42
51 17 38 4 55 27 49 1 18 43 26 0 32 19 45 24 12 46 59 2 16 6 7 3 52 28 37 31 14 35 57 10 30 20 56 33 13 53 21 22 5 15 40 34 36 9 58 42 29 23 8 48 39 54 25
52 40 25 10 28 5 12 41 13 6 17 4 39 32 2 55 3 43 27 24 22 37 36 51 56 57 1 53 34 35 54 59 45 46 31 19 16 38 18 14 29 44 30 58 20 48 0 9 15 26 11 23 8 47 50 7 21
53 13 10 4 50 47 38 12 17 59 40 24 48 15 35 0 25 43 23 44 1 52 19 8 45 36 21 29 37 33 26 51 20 2 6 30 18 14 39 57 41 16 9 22 56 11 54 31 49 7 46 28 32 58
54 20 2 0 57 9 17 47 41 27 45 12 50 21 46 5 30 37 1 58 10 23 7 4 33 18 49 14 15 28 52 40 25 13 38 48 3 59 16 24 34 31 6 55 36 19 35 26 42 53 29 11 39 51 32 22 56
55 51 59 22 9 12 21 1 40 43 17 8 52 16 18 47 7 45 26 25 34 13 15 2 44 36 3 5 58 48 35 39 29 33 49 31 54 42 30 38 4 32 37 57 11 0 14 24 41 46 28 56 10 6
56 23 15 59 36 45 5 7 40 46 29 19 57 12 27 3 44 33 35 28 24 26 22 52 43 4 10 47 48 31 51 17 21 32 13 41 16 2 1 34 58 25 53 6 11 20 50 14 55 42 38 49 8 54
57 50 26 54 46 11 16 43 27 33 2 7 20 34 59 56 41 28 4 38 8 36 31 47 6 22 13 12 5 3 18 30 52 9 37 35 0 21 23 32 51 39 19 10 49 48 42 24 44 53 25 58 45 40 55 15 29
58 16 20 25 0 48 22 2 4 5 54 46 44 11 21 35 6 37 8 43 36 23 41 50 39 3 1 55 45 34 47 30 57 52 12 27 38 40 32 51 24 33 59 56 42 31 7 29 9 15 13 28 18 19 53
59 3 40 28 56 42 38 43 55 44 49 14 2 13 19 0 37 53 57 10 46 21 16 47 36 51 12 15 7 4 6 22 5 50 31 30 20 29 39 52 24 41 9 25 26 54 23 48 32 58 18 27 35 45 34 17
