60
1593
0 3 28 40 57 52 53 15 23 7 4 59 13 1 5 42 43 37 10 38 44 17 21 29 9 22 48 55 8 16 49 58 14 54 33 18 6 51 11 47 2 34 45 20 25 31 50 56 12 39 19 26 27 41
1 40 55 10 37 11 7 25 15 47 6 57 8 41 13 26 4 32 35 58 36 56 53 51 0 21 23 33 22 14 30 20 45 34 31 38 52 48 5 29 59 50 9 46 2 19 24 43 39 27 18 44 12 49
2 42 19 37 25 31 6 41 17 46 57 18 5 45 29 24 43 48 35 33 7 20 23 27 54 15 14 39 26 36 16 11 50 22 56 51 13 34 9 53 38 0 4 1 44 55 49 21 10 59 32 58 28 52 12 3 30
3 22 43 12 0 29 5 21 45 59 33 32 7 51 55 8 18 54 58 6 17 36 23 53 16 52 19 50 14 48 13 35 37 41 15 10 4 34 24 39 56 46 9 40 44 31 2 30 42
4 38 58 23 42 18 15 30 24 55 59 1 56 57 11 12 27 53 21 47 20 0 34 19 40 26 10 43 14 9 16 3 6 52 13 31 17 22 36 33 25 50 8 2 41 28 39 49 32 54 46 5 29
5 58 10 17 3 24 16 6 19 33 2 54 12 41 39 57 50 20 44 38 13 34 18 0 36 48 25 23 8 11 30 42 9 46 14 15 7 45 59 29 55 1 28 40 53 26 27 43 52 47 31 49 4 56 21
6 14 18 8 25 26 47 2 5 54 31 20 1 55 15 28 44 12 34 49 19 51 3 58 56 50 17 30 41 40 4 36 46 43 10 23 21 38 0 53 59 22 24 32 11 29 27 48 13 42 16 52 35 37
7 10 1 19 31 29 58 26 53 3 14 38 39 52 25 8 2 0 13 42 37 15 54 50 11 36 34 43 45 5 44 23 17 49 59 27 48 22 33 56 18 32 28 47 41 46 12 35 21 9 40 30 16
8 6 45 24 43 41 59 1 19 55 21 13 31 3 7 23 56 48 57 49 29 34 22 10 32 5 17 27 42 51 0 30 11 14 44 16 58 52 37 9 47 28 40 4 36 50 33 35 18 12 46 20 53 38 54
9 27 40 18 34 20 54 32 33 31 30 25 12 44 39 11 10 23 17 41 28 5 49 0 4 14 46 37 58 45 56 19 24 2 8 43 47 1 35 22 3 50 55 42 21 57 53 13 7 38
10 1 7 5 40 36 25 54 47 23 31 34 49 17 32 19 38 56 9 45 30 43 58 0 8 4 50 12 13 3 48 46 6 15 29 52 21 27 55 39 20 28 14 51 26 2 44 37 11 33 42
11 1 33 37 14 16 49 13 55 24 57 20 54 4 44 30 19 50 34 9 23 18 56 31 7 21 5 15 40 28 59 17 25 39 32 58 43 2 38 26 48 41 8 36 0 29 47 6 27 46 51 45 10 22 12 42
12 3 28 19 48 16 38 18 55 46 40 6 5 23 4 54 36 34 9 41 15 13 31 50 47 52 59 35 25 49 43 10 33 29 42 37 44 53 30 22 39 20 57 17 21 8 7 0 2 45 14 1 11 51
13 43 45 28 53 23 40 51 27 17 32 14 11 46 31 8 1 47 29 44 7 24 5 48 56 35 20 12 0 21 16 18 41 37 36 3 52 50 10 38 4 57 42 2 54 58 26 30 33 22 9 6 15 39
14 6 51 11 57 28 13 16 31 7 42 36 19 32 46 40 18 24 29 21 2 59 54 20 27 3 45 5 4 1 44 41 37 9 30 39 15 0 53 17 8 50 52 48 47 43 34 56 10 25 55 58 35 33 23 38 12 26
15 48 33 1 6 4 50 32 52 0 35 31 43 12 7 16 53 42 2 19 22 57 27 25 18 58 17 11 59 44 24 49 28 5 55 37 3 45 29 14 10 38 56 41 30 36 54 34 47 21 26 51 39 13
16 21 29 5 51 12 34 11 14 18 39 32 17 15 3 57 13 55 47 37 36 46 38 43 44 26 4 48 2 40 0 41 30 35 8 24 27 23 53 20 33 54 58 56 59 45 31 19 25 6 7
17 22 5 2 13 48 57 10 16 20 39 3 24 21 23 32 38 40 6 58 46 15 33 8 42 9 0 25 51 30 44 31 11 49 56 47 50 7 14 4 43 28 36 18 59 26 37 27 12 52 34 54 53 35 19
18 41 6 57 44 38 4 9 12 23 2 16 39 50 3 55 20 35 25 5 14 11 29 15 13 19 43 21 59 51 42 31 0 34 28 17 27 7 8 48 33 49 45 47 40 52 37 32 1 30 53 26 46 56 36 58
19 34 2 29 12 7 5 37 8 33 45 23 6 10 44 59 14 11 57 27 48 15 36 3 28 43 4 22 42 18 56 32 50 26 40 30 58 9 49 24 55 54 21 51 25 41 52 20 1 53 16 0 46 31 38 17
20 46 6 9 42 51 40 33 52 11 17 5 18 45 2 54 35 13 58 4 23 57 14 41 1 32 34 31 59 38 22 47 39 21 16 37 44 49 28 56 43 0 10 19 12 55 53 27 36 8 48 50 30
21 31 16 39 48 3 43 42 27 8 50 36 37 30 17 54 4 40 28 57 25 46 1 14 13 11 23 41 51 49 0 18 29 32 22 35 55 56 6 59 24 10 20 19 58 45 53 2 34 12 15 9 26 7 38 5
22 3 17 55 32 34 23 56 50 40 15 8 58 35 43 36 19 54 25 39 1 45 0 46 59 42 57 24 21 52 41 30 27 44 2 31 29 38 4 49 37 20 7 51 9 13 6 47 12 28 53 11 48
23 13 50 34 45 38 4 18 10 35 55 12 19 51 26 0 8 22 43 17 3 2 20 11 48 9 46 1 5 21 30 36 44 41 49 57 7 25 40 28 42 31 6 58 37 53 16 56 47 24 52 32 39 27 33 14 54
24 5 48 8 55 38 31 11 4 58 2 17 13 52 45 47 25 14 41 15 57 40 42 39 53 22 29 43 3 28 44 50 9 19 16 49 21 37 54 26 23 6 46 33 59 30 34 1 35 32 27 51
25 59 6 2 39 1 10 32 46 40 27 29 44 7 56 9 33 49 18 24 21 52 58 5 45 15 36 22 17 28 53 12 11 51 23 47 43 55 34 57 42 26 54 4 41 31 19 35 0 14 37 16 48 38
26 6 58 54 33 32 7 42 31 1 23 40 48 44 41 4 59 2 16 51 57 30 19 35 29 11 45 13 25 39 24 5 47 17 36 52 49 55 53 34 38 10 21 37 28 15 0 27 18 14
27 9 13 45 44 38 21 25 4 32 56 50 40 19 2 15 48 14 42 57 36 31 8 58 47 34 22 41 7 43 46 55 28 16 35 29 10 54 30 5 59 18 51 33 11 37 17 23 6 20 1 39 52 49 26 0 24
28 13 56 50 12 0 14 6 37 21 35 36 43 19 31 55 29 25 9 11 15 32 42 49 38 52 47 58 23 24 40 46 17 57 27 5 18 51 8 20 4 10 41 30 34 7 22 48 2 26 54 59 53 45 39
29 31 19 3 16 42 7 49 2 25 52 53 13 38 51 8 36 58 30 14 18 35 28 33 54 43 46 39 0 56 21 59 32 41 15 24 26 40 5 10 22 45 12 57 50 1 34 27 11 44 6 55 4
30 47 53 50 42 57 49 4 43 44 11 9 21 38 35 37 41 48 29 10 6 23 5 17 45 1 31 26 46 14 58 22 8 19 39 52 16 56 15 51 13 54 27 34 33 12 36 28 24 18 3 20 55 7 40 2
31 21 29 2 6 7 39 10 38 24 53 13 14 57 26 33 8 58 51 9 15 50 35 49 12 46 11 28 44 27 40 17 30 32 36 4 20 22 23 1 18 45 25 48 54 0 43 55 3 5 16 34 19 56 37 59
32 13 25 26 3 22 33 57 16 10 15 9 53 1 27 14 50 17 35 8 51 56 45 47 28 34 20 19 29 21 11 31 42 49 38 46 44 23 6 40 58 48 55 7 37 4 36 59 2 18 54 24 41
33 15 54 53 11 26 45 34 3 5 46 32 20 19 31 2 9 58 25 48 42 43 29 17 1 56 47 52 12 51 35 41 39 0 4 37 44 36 16 7 13 40 8 59 27 30 24 18 38 50 23 14 57 10 55
34 19 23 33 16 9 35 10 6 47 22 12 11 5 49 58 57 4 52 8 51 36 7 44 27 37 32 45 42 1 41 40 20 3 53 25 2 29 18 56 59 0 14 26 50 30 48 38 46 28 43 21 55 15 24 17 31 54
35 39 52 23 34 2 15 1 18 31 20 56 13 30 51 28 32 37 29 22 46 12 3 57 33 26 40 21 58 59 16 42 27 36 50 25 9 43 8 44 47 55 14 41 54 48 7 24 45 17 49 6 53
36 37 10 42 38 21 14 59 52 12 40 1 3 28 29 41 43 49 5 19 7 22 34 25 16 27 23 13 2 58 31 6 54 48 56 4 47 55 11 15 46 17 33 35 26 8 39 30 53 44 50 32 20 45 18
37 36 1 2 11 39 19 48 21 28 7 30 35 43 54 0 42 16 13 41 3 34 15 14 9 49 23 22 12 24 33 44 8 20 17 57 56 45 47 27 32 46 59 55 38 18 25 26 10 52 31 6 40
38 57 4 44 24 18 23 12 49 58 31 27 36 56 46 7 29 5 30 10 17 0 16 51 28 13 11 32 41 15 1 50 45 22 20 6 53 55 2 52 54 34 26 33 47 37 48 43 14 19 25 8 21 40 9 59
39 42 21 43 25 37 31 35 54 51 41 5 16 7 18 17 9 47 2 22 50 52 29 53 58 24 44 11 57 14 30 40 33 3 20 45 56 26 10 36 23 49 46 59 48 4 12 1 27 0 15 55 28 13
40 1 10 9 13 52 0 56 12 20 25 53 44 26 14 50 36 21 27 17 22 59 46 4 11 31 24 6 47 35 16 23 34 19 29 28 42 49 39 51 5 8 33 3 32 58 18 43 54 57 7 48 38 30 55 37
41 18 49 2 8 39 1 5 43 12 30 36 26 24 56 55 13 21 9 6 47 37 23 20 3 14 29 22 34 16 38 33 11 27 15 59 48 25 46 45 57 19 4 58 44 53 28 35 7 52 51 42 0 32
42 54 2 39 52 36 51 4 29 21 30 20 26 14 7 15 0 33 49 50 37 27 17 19 5 8 24 45 22 28 55 34 48 43 32 46 23 18 59 13 58 40 25 35 12 9 47 56 41 6 3 10 11 53
43 13 3 39 21 8 44 50 57 30 2 41 59 15 55 23 47 45 37 36 10 46 33 0 28 22 19 7 29 16 4 52 18 12 51 42 11 24 25 6 53 17 48 27 9 14 5 35 20 49 56 34 31 1 38 40 54
44 38 18 52 47 43 27 6 57 53 25 30 50 11 59 19 40 45 13 5 9 51 26 31 0 34 49 15 46 16 17 23 14 7 39 58 22 56 24 8 32 12 33 37 20 41 35 2 3 36 29 10 1 55 54
45 13 8 33 23 3 27 48 2 19 44 20 24 57 43 10 25 49 14 32 7 30 22 46 42 34 58 15 1 5 52 9 26 51 38 29 31 39 41 50 54 47 53 0 37 21 55 18 56 16 59 11 36 12 28 35
46 56 20 2 25 59 33 13 12 48 50 38 14 31 21 23 43 17 35 55 40 16 29 5 44 45 22 30 9 10 6 42 28 32 27 36 41 3 1 53 24 39 11 34 37 58 49 54 7 47 4 8 19 57 18
47 30 6 44 1 10 58 59 13 34 57 54 4 24 43 39 12 16 51 55 41 32 27 53 33 17 40 28 25 50 36 20 23 14 8 0 9 45 11 26 49 48 37 22 35 42 7 18 38 5 15 46
48 57 15 53 21 24 12 17 45 37 46 2 26 8 13 49 23 19 30 33 27 5 51 3 0 16 42 10 54 11 36 43 1 7 41 50 14 55 47 31 18 32 34 39 58 28 35 6 38 25 20 40 22
49 53 41 38 29 11 30 10 6 59 25 31 34 8 48 36 42 57 45 44 21 9 15 12 17 28 23 0 32 7 37 19 40 22 24 20 55 47 26 52 39 58 43 51 18 50 2 4 46 54 5 27 35 1
50 28 52 23 59 30 43 15 46 21 18 44 5 57 31 11 40 32 55 27 7 22 12 6 42 3 39 56 10 19 13 58 51 2 17 47 38 24 14 29 48 4 45 35 1 8 34 9 49 36 53 0 33 20
51 14 42 13 16 39 20 3 23 31 6 44 35 29 1 56 34 48 55 32 21 47 17 57 26 43 38 18 8 33 25 50 45 2 52 40 0 28 30 22 19 27 59 10 49 54 53 58 41 11 15 12 24
52 50 42 44 40 35 0 20 29 7 15 36 55 24 25 3 34 57 12 43 39 13 33 45 22 28 4 1 51 10 30 14 8 5 26 49 23 19 38 59 56 18 41 17 27 2 37 6
53 49 13 33 48 30 7 31 40 44 0 54 32 29 4 56 15 3 1 39 47 25 24 34 14 43 23 38 16 6 12 2 5 45 26 46 58 21 55 41 36 51 50 20 19 22 9 17 57 8 18 28 35 42
54 42 33 26 6 56 10 39 5 53 9 11 12 3 21 47 20 7 2 37 14 29 22 36 58 48 0 59 13 25 19 24 27 30 45 16 15 51 38 31 46 49 35 4 32 28 17 40 34 8 43 23 44
55 1 22 24 12 59 6 11 23 8 3 4 18 43 52 50 16 28 51 41 46 47 42 15 0 5 25 21 19 27 36 38 49 56 10 48 26 45 58 53 32 9 35 2 14 31 20 34 37 29 57 44 30 39 40 33
56 28 46 54 40 38 4 25 8 27 53 35 13 59 10 57 1 22 11 6 51 41 33 32 19 29 50 17 2 44 9 15 36 21 30 23 34 3 39 55 20 37 7 14 43 16 52 45 0 42 5 31 18
57 18 48 38 2 14 1 30 43 0 17 44 31 32 11 4 5 50 47 19 8 45 21 56 16 34 15 52 20 49 27 58 51 24 26 35 22 23 39 13 29 25 28 41 37 59 12 9 55 53 33 40 46
58 5 4 26 7 38 47 24 31 33 3 1 20 6 34 29 25 10 22 17 15 59 57 27 39 45 36 50 44 30 11 0 28 9 54 19 35 23 42 13 8 21 41 53 32 49 55 16 48 14 46 40 51 2 18
59 25 3 50 55 46 8 49 47 4 43 44 19 36 56 0 14 40 12 58 15 26 18 11 22 29 5 7 42 54 20 35 21 41 1 6 34 17 27 57 33 51 52 24 39 16 37 2 32 45 28 38 31
