60
1593
0 24 35 9 26 13 43 8 51 40 53 7 50 21 20 44 55 47 41 4 11 25 37 54 22 36 39 38 29 1 14 56 42 23 30 34 10 28 32 6 5 52 2 58 3 12 18 15 19 27 16 46 17 31 59
1 29 42 54 2 39 11 7 5 33 43 15 20 25 23 31 47 51 46 9 18 32 44 0 38 16 37 52 55 30 36 59 35 17 49 58 57 34 53 48 41 10 22 56 6 26 19 12 3 4 28 21 14
2 47 14 30 35 25 40 1 23 28 48 36 38 8 18 45 10 7 39 54 42 15 5 12 43 32 6 21 16 31 46 49 24 50 59 53 56 13 26 52 9 44 57 3 29 0 17 51 33 19 11 37 22 41
3 44 7 13 15 6 56 51 27 30 26 8 16 39 48 9 40 24 21 43 47 38 5 17 59 55 19 32 36 41 42 53 31 12 50 18 58 52 28 2 10 45 34 23 22 35 54 25 0 37 11 57 49 20 29 4 14 33 1
4 42 16 26 9 27 40 29 24 36 49 55 33 38 53 52 39 25 59 28 58 7 0 19 12 17 51 6 47 23 13 14 32 48 21 11 37 10 20 54 18 43 5 44 30 34 45 35 22 3 8 1 41 15
5 39 29 53 12 55 43 19 6 58 14 32 51 1 59 16 41 38 18 2 22 15 45 13 3 40 34 56 54 20 7 25 24 0 8 17 30 47 31 4 23 11 52 37 27 33 49 10 57 48
6 23 17 55 52 5 3 27 13 14 56 24 21 46 43 9 42 19 32 10 34 12 54 7 22 35 59 45 51 2 36 4 28 37 15 25 44 39 47 31 0 30 49 33 26 58 53 8 1 41 38 50 40 20 11
7 49 30 40 3 14 31 1 11 52 53 47 0 20 2 33 56 55 41 23 46 13 26 21 43 4 6 22 19 59 51 34 9 37 39 50 45 32 8 17 5 10 48 16 24 58 29 44 27 42 36 54 57 12
8 27 12 40 26 20 47 55 51 32 0 43 24 33 2 57 50 52 45 31 42 23 13 41 34 54 3 16 39 9 30 36 21 28 59 17 7 19 15 56 46 18 49 5 35 53 10 48 11 44 25 38 6 37 4 58
9 45 37 0 51 4 36 24 29 52 50 32 17 6 56 3 8 39 27 43 54 1 48 58 21 59 7 35 28 55 44 20 33 34 19 42 15 2 49 16 30 40 46 31 25 53 47 18 41 11 26 13 14
10 21 14 46 33 42 19 48 39 2 58 20 56 57 36 6 12 47 13 59 54 31 50 34 27 41 43 25 30 29 23 55 44 0 7 38 4 3 18 24 8 40 1 28 22 11 5 53 49 52 17
11 53 32 20 41 12 42 1 37 51 45 7 55 38 31 54 40 26 52 36 23 58 39 47 49 56 13 34 19 35 25 0 17 14 18 28 59 16 4 57 30 24 21 46 43 27 33 8 5 3 9 10 2 15 22 6
12 8 37 49 11 14 5 27 29 17 51 40 19 31 41 10 6 48 33 38 55 34 46 45 47 32 4 2 25 15 58 20 13 16 52 30 21 28 57 18 3 53 43 54 35 0 22 36 50 23 44 39 26 7 1 56 59
13 41 0 3 47 18 37 6 56 31 20 27 55 54 8 33 44 59 25 39 10 53 7 14 11 38 58 57 21 5 12 48 40 24 4 26 46 34 2 15 43 51 50 52 49 30 22 45 42 32 23 16 28 17 29 9
14 40 10 2 12 7 56 39 5 6 24 47 34 31 29 32 21 13 49 35 48 23 59 57 44 27 11 25 15 18 46 0 58 43 4 30 36 26 54 50 52 37 53 22 16 41 33 51 38 45 17 3 28 1 9
15 16 56 31 19 43 3 44 52 25 1 49 17 41 24 2 53 55 34 29 47 42 26 5 12 38 45 30 22 23 14 57 6 59 50 13 40 9 8 32 54 18 27 36 21 28 0 37 48 51 11 20 35 4
16 15 59 20 4 31 42 57 29 35 43 5 8 17 58 19 3 37 36 34 24 55 2 39 49 12 1 44 47 30 11 32 48 50 21 27 25 56 9 7 23 26 14 54 53 28 45 13 22 33 0 52 46
17 6 52 59 39 23 33 24 57 58 12 51 27 56 9 19 50 16 15 26 29 49 54 53 41 4 34 22 35 47 11 3 8 21 7 48 31 1 5 55 36 2 45 38 44 14 0 13 43 32 46 10
18 43 30 21 28 13 53 39 59 38 2 27 25 52 20 50 57 22 5 47 1 31 24 34 42 14 55 11 58 36 56 44 35 48 12 3 46 8 23 15 26 4 10 19 0 41 40 9 54 49 45 51 33 37
19 51 15 49 5 10 23 27 58 21 47 38 36 6 12 17 50 16 54 41 39 7 11 4 56 25 52 44 55 29 3 59 32 26 35 45 30 8 9 48 40 18 57 34 20 0 43 2 46 1 22 53
20 11 25 41 8 16 53 22 38 59 30 13 24 7 10 18 36 35 1 0 50 40 28 46 29 21 32 12 51 43 34 56 52 27 9 31 55 5 42 54 49 4 48 47 23 3 19 39 37 15 6
21 10 39 18 58 52 28 6 19 44 0 30 32 27 14 7 26 23 51 3 43 13 8 57 2 20 33 9 34 49 12 22 54 50 37 45 17 4 46 16 42 41 53 36 48 55 40 11 15 29 35 25 47 31 1 24 59
22 24 20 41 48 29 58 36 56 18 49 39 42 32 7 6 46 5 17 15 0 52 37 33 23 45 38 34 44 21 59 50 57 43 27 26 47 28 14 3 53 30 25 13 55 12 1 31 16 10 4 2 11 19 40 54
23 6 17 39 2 19 49 36 40 54 8 27 25 1 7 11 38 48 56 44 29 21 14 59 42 43 51 58 15 22 55 31 33 4 53 50 10 35 0 32 47 28 34 18 37 16 3 30 46 5 12 26 20 13 41
24 0 22 43 55 47 17 40 28 8 26 31 9 36 54 4 6 20 14 29 15 25 44 3 45 16 18 52 2 35 13 30 27 32 56 38 48 5 37 50 7 58 53 34 11 33 39 10 41 46 57 21
25 20 27 2 38 56 47 15 53 18 41 44 1 37 31 23 55 13 24 4 57 11 19 12 0 40 10 14 36 33 32 6 34 39 16 5 29 50 46 43 9 3 22 35 54 59 52 49 8 21 45 26 51 48
26 8 32 0 34 30 4 24 42 38 43 28 27 3 11 54 29 17 7 21 15 58 55 40 51 19 13 37 22 2 39 52 14 45 35 18 16 46 49 31 6 23 12 25 33 1 48 36 53 9
27 8 25 50 12 32 55 17 6 4 19 18 13 34 3 53 26 23 48 47 21 58 56 9 46 49 44 10 35 57 14 30 54 39 28 38 24 20 22 16 29 45 59 15 7 51 37 11 42 36 41 0 5 31
28 40 42 24 2 18 38 21 48 26 33 31 4 20 46 41 36 49 8 32 6 27 57 12 11 39 9 56 52 47 43 0 51 23 22 34 3 45 29 35 15 16 58 10 13 30 50 53 14 37 1 55 59
29 5 1 12 52 22 4 9 16 58 24 14 26 32 46 17 15 38 23 43 20 37 31 36 0 54 59 19 35 30 10 49 42 50 56 27 39 25 2 40 7 48 28 34 33 53 21 3 55 44 13
30 2 18 7 44 26 58 38 20 37 3 33 31 21 57 8 49 15 27 48 10 54 12 55 34 35 36 29 16 24 0 46 14 41 47 19 1 51 9 6 11 53 59 40 43 42 5 22 56 23 13 4 45 28 52 50
31 15 7 51 16 24 53 8 13 11 58 46 12 25 43 30 14 28 1 10 49 57 29 32 18 2 42 54 34 23 20 33 41 6 3 17 55 9 59 50 37 52 38 39 5 26 36 22 35 56 48 0 44 27 21 47
32 11 26 8 27 58 56 5 9 6 47 39 50 14 21 29 49 57 22 12 2 44 45 31 20 1 48 28 35 46 42 59 25 38 43 3 24 19 23 7 4 16 51 34 0 15 53 55 13 41 37 40 33 54 17
33 50 17 10 34 51 42 8 4 1 7 30 13 12 52 28 58 48 21 22 25 37 23 44 36 39 53 31 9 49 45 54 46 43 24 56 59 6 38 29 11 14 35 40 47 55 57 2 5 16 26 41 3 32 18
34 37 26 33 51 27 14 8 6 38 12 45 15 52 58 11 10 50 36 17 41 16 54 7 59 18 42 20 21 5 30 31 22 25 35 13 53 49 47 0 39 32 9 46 57 28 23 55 24 3 1 29 4 19 43 40 48 44 56
35 2 41 0 50 56 39 36 16 48 20 37 49 11 6 14 27 17 57 47 43 32 9 40 24 29 30 38 23 34 19 18 26 42 52 1 8 3 45 55 12 25 28 46 21 31 33 59 4 15
36 52 2 35 9 24 4 23 57 42 38 22 19 20 10 59 40 11 45 46 8 16 34 28 43 29 0 6 25 55 49 41 54 48 30 50 33 18 3 37 21 14 1 44 39 15 17 47 12 31 7 27 26 58
37 9 53 12 48 34 51 11 13 30 47 35 25 49 38 52 16 42 58 29 41 0 22 45 7 33 6 1 21 26 36 57 59 39 4 14 24 23 31 54 3 27 15 56 8 5 44 50 32 2 20 46 28 55 18
38 43 50 25 47 20 2 55 28 18 52 30 26 11 44 19 36 40 46 5 4 34 12 37 23 51 13 29 45 56 15 3 49 0 53 1 22 58 32 54 35 27 24 42 10 48 31 33 39 59 14 17 8 6
39 5 17 21 23 35 44 1 18 14 10 2 55 32 4 13 3 8 22 11 19 9 56 57 16 0 49 43 40 54 27 7 28 48 33 59 25 34 26 6 29 37 36 47 31 38 24 41 50 58 12 52 46 20 45
40 14 28 8 24 7 2 50 12 4 0 42 23 38 11 36 20 3 49 53 51 47 25 26 41 13 39 35 5 46 44 52 15 45 56 54 58 9 30 29 21 57 19 10 18 33 43 34 55 59 32 22 6
41 11 20 35 13 45 22 5 25 8 12 7 47 15 49 19 0 28 46 54 17 10 34 37 59 36 40 43 57 56 3 30 21 31 44 52 1 39 24 18 14 9 53 50 55 27 32 33 58 6 48 23 2 4
42 58 4 56 1 28 11 33 16 10 26 40 45 8 36 6 44 2 37 22 15 54 23 31 48 18 34 32 0 29 3 21 59 49 47 9 51 38 20 35 30 43 55 27 13 50 7 53 46 52
43 18 24 38 57 0 8 15 5 16 52 1 6 26 54 50 31 7 9 29 2 46 48 21 36 3 35 10 23 59 20 39 41 32 14 22 28 13 55 33 30 25 58 12 42 11 4 44 45 47 40 34 19 56 17
44 49 45 3 30 39 15 38 21 42 13 25 24 0 51 23 27 32 14 19 1 22 33 16 6 59 9 40 18 10 41 36 53 2 7 54 56 50 43 46 4 58 8 57 48 12 55 52 37 17 29 34 31
45 56 9 44 50 41 2 11 57 8 42 59 46 34 12 36 52 24 47 38 6 5 15 32 22 37 49 51 7 21 54 53 40 19 33 27 26 58 28 3 35 17 43 30 13 16 4 25 14 39 18 55
46 55 10 52 6 38 31 53 45 49 7 29 12 28 36 27 41 22 1 43 20 54 56 2 32 58 40 14 30 59 13 47 21 57 34 50 18 8 33 25 9 11 23 44 26 35 39 42 19 24 0 37 17 16
47 2 24 8 52 38 13 25 7 14 19 37 32 41 10 1 27 12 11 15 0 45 18 48 40 35 17 3 57 53 51 4 16 56 28 34 46 42 30 6 23 22 58 50 39 9 5 43 36 55 54 33 20 49 21 31
48 59 51 37 54 2 28 22 10 35 12 58 27 3 53 23 56 9 14 43 47 33 52 32 42 30 13 36 39 55 4 16 17 24 21 18 7 29 19 38 57 1 8 49 44 20 15 34 31 41 25 50 26 5
49 44 7 54 12 50 19 23 4 37 22 15 35 46 32 41 17 11 40 27 31 14 30 2 28 38 39 16 36 21 45 29 34 59 52 42 33 9 51 6 1 8 56 20 58 55 13 26 25 48 3 57 18 47 5 10 53
50 33 57 54 38 35 27 49 40 45 8 9 51 18 0 43 17 32 19 20 10 56 34 59 52 2 36 7 23 21 22 15 29 16 46 3 14 25 24 31 13 47 53 44 39 42 12 41 28 37 48 58 6 55 30
51 19 48 8 52 9 33 37 17 31 12 0 11 5 34 3 50 56 44 38 1 57 59 40 6 21 4 7 20 23 26 47 45 32 30 28 42 49 53 13 27 14 2 15 18 25 58 54
52 55 57 17 47 51 36 29 21 6 46 38 9 8 7 15 43 18 11 4 33 37 45 34 19 22 48 24 12 50 53 28 59 20 40 2 1 49 54 26 3 14 35 0 58 41 31 13 25 5 44 39 30 16 10 42
53 11 5 37 20 57 18 31 7 0 25 27 4 46 55 15 48 13 17 54 40 47 38 52 2 56 23 33 34 59 58 21 3 45 44 12 14 30 24 9 51 22 50 8 1 16 29 32 41 6 42 28 10 26 19 49
54 50 58 49 1 48 24 23 13 55 11 43 2 8 26 6 10 19 17 53 41 9 42 0 46 34 31 27 30 36 39 29 21 38 5 45 52 56 14 40 33 15 20 12 3 4 37 44 16 25 47 18 7 59 32 22 51
55 52 24 6 46 8 27 5 38 11 4 13 54 7 39 25 53 12 0 15 57 26 16 36 30 19 23 18 3 48 9 10 20 1 31 21 34 43 58 17 35 49 42 22 47 32 41 44 33 40 29 45 50 56 28 37
56 45 15 42 35 59 14 32 25 17 3 6 13 22 7 10 9 51 23 48 27 11 19 50 38 39 46 53 2 28 5 20 0 41 47 18 24 29 40 16 54 8 57 49 33 30 44 58 37 1 43 31 34 12 55
57 50 52 43 17 53 16 8 45 59 36 10 18 32 25 30 55 51 58 13 35 14 31 21 39 27 47 15 28 12 41 22 46 37 34 11 2 56 1 40 48 19 44 3 33 7 49 5 24
58 42 54 21 17 32 5 30 19 22 10 31 29 16 48 11 33 4 27 34 37 13 57 26 9 12 23 46 18 38 14 53 3 40 45 7 24 52 47 1 55 43 0 49 59 44 6 56 28 39 41 8 50 51 36
59 16 48 17 56 18 20 57 5 13 36 45 4 10 6 51 14 23 7 43 34 9 41 8 3 50 32 2 29 19 22 15 52 44 39 11 46 53 49 42 37 1 27 30 31 58 33 38 25 35 40 54 12 0 28 21
